      1.00000000e+00       1.07991733e+00
      2.00000000e+00       9.29646637e-01
      3.00000000e+00       7.74912982e-01
      4.00000000e+00       3.53304838e-01
      5.00000000e+00       3.04213244e-01
      6.00000000e+00       6.48935092e-02
      7.00000000e+00       5.12735516e-02
      8.00000000e+00       1.19751129e-01
      9.00000000e+00      -6.62246216e-01
      1.00000000e+01       5.94981175e-01
      1.10000000e+01       1.24941754e-01
      1.20000000e+01       8.66095482e-01
      1.30000000e+01       1.11102435e-01
      1.40000000e+01       5.15259186e-01
      1.50000000e+01      -6.79840753e-02
      1.60000000e+01       1.15067091e-01
      1.70000000e+01      -5.35610717e-01
      1.80000000e+01       4.51622754e-01
      1.90000000e+01      -9.66161272e-02
      2.00000000e+01      -4.69642428e-02
      2.10000000e+01       3.17470912e-01
      2.20000000e+01      -1.70958795e-01
      2.30000000e+01      -5.42010980e-01
      2.40000000e+01       1.96660722e-01
      2.50000000e+01       6.54887714e-02
      2.60000000e+01      -4.59128902e-01
      2.70000000e+01      -5.10419499e-01
      2.80000000e+01      -4.34561897e-02
      2.90000000e+01      -3.84495784e-02
      3.00000000e+01       1.27838142e-01
      3.10000000e+01      -8.10088076e-02
      3.20000000e+01       4.81711838e-01
      3.30000000e+01       3.62976196e-01
      3.40000000e+01       3.47833105e-01
      3.50000000e+01       3.75822157e-01
      3.60000000e+01       2.58665368e-01
      3.70000000e+01      -7.81788044e-02
      3.80000000e+01       2.93686714e-01
      3.90000000e+01      -5.61094849e-01
      4.00000000e+01      -1.48147142e+00
      4.10000000e+01      -3.73576188e-01
      4.20000000e+01       1.68011589e-01
      4.30000000e+01       2.98257299e-01
      4.40000000e+01       3.69995643e-01
      4.50000000e+01      -2.20325881e-01
      4.60000000e+01      -3.96615789e-01
      4.70000000e+01      -4.29926353e-01
      4.80000000e+01       1.51693977e-01
      4.90000000e+01      -3.03080170e-01
      5.00000000e+01       1.01453848e-02
      5.10000000e+01      -4.13711575e-01
      5.20000000e+01      -7.66587611e-01
      5.30000000e+01      -4.79732305e-01
      5.40000000e+01      -4.62225073e-01
      5.50000000e+01      -6.78021582e-01
      5.60000000e+01       9.66777746e-02
      5.70000000e+01      -1.32009433e-01
      5.80000000e+01       6.14625906e-01
      5.90000000e+01       8.98100904e-01
      6.00000000e+01       5.74089662e-01
      6.10000000e+01       5.62835777e-01
      6.20000000e+01       6.06525442e-02
      6.30000000e+01       2.13537520e-01
      6.40000000e+01       7.95271276e-02
      6.50000000e+01       3.55921931e-01
      6.60000000e+01       6.49267643e-01
      6.70000000e+01       1.31884773e+00
      6.80000000e+01       7.37569366e-01
      6.90000000e+01      -7.90277223e-01
      7.00000000e+01      -4.83069639e-01
      7.10000000e+01      -1.13660343e-01
      7.20000000e+01      -3.77936250e-02
      7.30000000e+01       4.83834692e-01
      7.40000000e+01       2.06417971e-02
      7.50000000e+01      -4.12848572e-01
      7.60000000e+01      -1.02542448e+00
      7.70000000e+01       5.44025262e-01
      7.80000000e+01       1.07470805e-01
      7.90000000e+01       3.63420666e-01
      8.00000000e+01       1.09392609e-01
      8.10000000e+01      -2.55153590e-01
      8.20000000e+01      -6.14845462e-01
      8.30000000e+01       2.02226547e-01
      8.40000000e+01      -6.84974072e-01
      8.50000000e+01      -8.23785049e-01
      8.60000000e+01       1.94069785e-01
      8.70000000e+01      -6.10675391e-01
      8.80000000e+01      -7.97230103e-01
      8.90000000e+01      -1.09502510e+00
      9.00000000e+01       4.12064149e-01
      9.10000000e+01       6.35755939e-01
      9.20000000e+01       5.54558267e-01
      9.30000000e+01       5.14783500e-01
      9.40000000e+01       3.57182421e-01
      9.50000000e+01       3.45710948e-01
      9.60000000e+01       5.26362175e-01
      9.70000000e+01       7.16189465e-01
      9.80000000e+01       4.01515912e-01
      9.90000000e+01       3.26475089e-01
      1.00000000e+02       2.85405628e-01
      1.01000000e+02       4.52801359e-01
      1.02000000e+02       2.68388170e-01
      1.03000000e+02       5.10227052e-01
      1.04000000e+02       8.41405346e-01
      1.05000000e+02       7.94093708e-01
      1.06000000e+02       8.51091977e-01
      1.07000000e+02       6.93048426e-01
      1.08000000e+02       6.32336691e-01
      1.09000000e+02       6.53881450e-01
      1.10000000e+02      -9.88732286e-02
      1.11000000e+02      -7.37865597e-01
      1.12000000e+02      -8.04504220e-02
      1.13000000e+02      -9.95685301e-02
      1.14000000e+02       7.32121958e-01
      1.15000000e+02       6.53377686e-01
      1.16000000e+02       4.28852971e-01
      1.17000000e+02       6.43882805e-01
      1.18000000e+02      -3.63259210e-01
      1.19000000e+02      -3.60480654e-01
      1.20000000e+02      -7.08082899e-01
      1.21000000e+02      -4.66568125e-01
      1.22000000e+02      -3.82810525e-01
      1.23000000e+02      -9.69616205e-01
      1.24000000e+02      -7.27988229e-01
      1.25000000e+02      -9.01689547e-01
      1.26000000e+02      -2.26230192e-01
      1.27000000e+02       5.40170675e-03
      1.28000000e+02      -3.60308143e-01
      1.29000000e+02      -5.51733260e-01
      1.30000000e+02      -3.03720656e-01
      1.31000000e+02      -9.00824789e-01
      1.32000000e+02      -4.47954128e-01
      1.33000000e+02      -3.62886423e-01
      1.34000000e+02      -4.26575439e-01
      1.35000000e+02      -4.90052924e-01
      1.36000000e+02      -4.26562230e-01
      1.37000000e+02      -6.51830303e-01
      1.38000000e+02      -2.10345420e-01
      1.39000000e+02       3.35955188e-01
      1.40000000e+02      -1.94910650e-02
      1.41000000e+02       2.93377123e-01
      1.42000000e+02       1.89212139e-01
      1.43000000e+02      -2.86348908e-01
      1.44000000e+02      -6.03300639e-01
      1.45000000e+02      -1.39978875e-01
      1.46000000e+02      -1.29232731e-01
      1.47000000e+02      -7.71334409e-02
      1.48000000e+02      -4.32880871e-02
      1.49000000e+02       1.37279114e-01
      1.50000000e+02      -3.73075938e-01
      1.51000000e+02      -1.50142881e-01
      1.52000000e+02      -1.54494080e+00
      1.53000000e+02      -1.80185266e+00
      1.54000000e+02      -2.23960475e+00
      1.55000000e+02      -1.82705670e+00
      1.56000000e+02      -1.78281024e+00
      1.57000000e+02      -1.88966521e+00
      1.58000000e+02      -1.84608557e+00
      1.59000000e+02      -1.72397748e+00
      1.60000000e+02      -1.87539244e+00
      1.61000000e+02      -1.69269979e+00
      1.62000000e+02      -2.25350687e+00
      1.63000000e+02      -1.20481609e+00
      1.64000000e+02      -1.65659268e+00
      1.65000000e+02      -1.37979742e+00
      1.66000000e+02      -1.73867049e+00
      1.67000000e+02      -1.44108337e+00
      1.68000000e+02      -1.72273911e+00
      1.69000000e+02      -2.34003390e+00
      1.70000000e+02      -1.86760183e+00
      1.71000000e+02      -1.90933197e+00
      1.72000000e+02      -1.54334809e+00
      1.73000000e+02      -1.23740664e+00
      1.74000000e+02      -1.56136554e+00
      1.75000000e+02      -1.99845976e+00
      1.76000000e+02      -2.10515140e+00
      1.77000000e+02      -1.62959346e+00
      1.78000000e+02      -2.25194486e+00
      1.79000000e+02      -1.76932832e+00
      1.80000000e+02      -1.92113460e+00
      1.81000000e+02      -1.67133377e+00
      1.82000000e+02      -1.62803972e+00
      1.83000000e+02      -1.65563686e+00
      1.84000000e+02      -2.32757925e+00
      1.85000000e+02      -1.85551804e+00
      1.86000000e+02      -1.71780051e+00
      1.87000000e+02      -1.48148386e+00
      1.88000000e+02      -1.75162550e+00
      1.89000000e+02      -1.50417275e+00
      1.90000000e+02      -1.92751928e+00
      1.91000000e+02      -1.72960444e+00
      1.92000000e+02      -1.43149785e+00
      1.93000000e+02      -1.82339559e+00
      1.94000000e+02      -1.27681080e+00
      1.95000000e+02      -3.11594970e-01
      1.96000000e+02       9.52257477e-02
      1.97000000e+02      -1.11674147e+00
      1.98000000e+02       6.89841078e-01
      1.99000000e+02      -8.29856575e-01
      2.00000000e+02      -8.07510268e-01
      2.01000000e+02      -4.05517220e-01
      2.02000000e+02       3.93648780e-01
      2.03000000e+02       6.98945901e-01
      2.04000000e+02       1.21192356e+00
      2.05000000e+02      -1.26997477e-01
      2.06000000e+02      -1.10404141e+00
      2.07000000e+02      -1.01378544e+00
      2.08000000e+02      -5.12473827e-01
      2.09000000e+02       3.98483236e-01
      2.10000000e+02      -1.52780871e-01
      2.11000000e+02      -1.04180464e+00
      2.12000000e+02      -1.32363537e+00
      2.13000000e+02      -8.43063606e-01
      2.14000000e+02       1.80812759e-01
      2.15000000e+02      -7.16526381e-01
      2.16000000e+02       1.10082503e-02
      2.17000000e+02       1.89770068e-01
      2.18000000e+02      -9.45048042e-02
      2.19000000e+02       1.81248120e-02
      2.20000000e+02       4.83103741e-02
      2.21000000e+02      -1.92437084e-02
      2.22000000e+02       9.14561096e-01
      2.23000000e+02      -7.54839271e-01
      2.24000000e+02       1.85536308e-01
      2.25000000e+02       1.11157787e-01
      2.26000000e+02       4.83138469e-01
      2.27000000e+02      -1.22368538e-01
      2.28000000e+02      -7.01938513e-01
      2.29000000e+02       8.36270181e-01
      2.30000000e+02       6.13467641e-01
      2.31000000e+02       4.65760317e-01
      2.32000000e+02       5.83723029e-01
      2.33000000e+02      -2.25705196e-01
      2.34000000e+02       2.77194649e-01
      2.35000000e+02       5.37667509e-01
      2.36000000e+02      -8.34130624e-01
      2.37000000e+02      -5.67626560e-01
      2.38000000e+02      -5.11027510e-01
      2.39000000e+02       5.50856832e-02
      2.40000000e+02      -7.95769473e-01
      2.41000000e+02       4.86105059e-01
      2.42000000e+02       7.83719574e-01
      2.43000000e+02       8.87509691e-01
      2.44000000e+02      -3.53305879e-01
      2.45000000e+02      -2.35771335e-01
      2.46000000e+02      -5.14397118e-01
      2.47000000e+02      -8.87982975e-01
      2.48000000e+02      -4.28819204e-01
      2.49000000e+02      -3.25974979e-01
      2.50000000e+02      -7.64260326e-01
      2.51000000e+02      -8.15317965e-01
      2.52000000e+02      -1.11163178e+00
      2.53000000e+02      -1.45608302e+00
      2.54000000e+02      -7.98127508e-01
      2.55000000e+02      -8.03486852e-01
      2.56000000e+02      -1.31337183e+00
      2.57000000e+02      -4.10157821e-01
      2.58000000e+02      -7.90814632e-01
      2.59000000e+02      -6.20821923e-01
      2.60000000e+02      -5.90617202e-01
      2.61000000e+02       6.88539967e-01
      2.62000000e+02       2.84848954e-02
      2.63000000e+02      -2.26831011e-01
      2.64000000e+02       6.64858160e-01
      2.65000000e+02       5.68816980e-01
      2.66000000e+02      -3.39543816e-02
      2.67000000e+02       6.76848635e-01
      2.68000000e+02       1.02488673e-01
      2.69000000e+02      -3.01396717e-01
      2.70000000e+02      -9.72976774e-02
      2.71000000e+02      -5.73425794e-01
      2.72000000e+02      -1.76381060e-01
      2.73000000e+02      -9.43646446e-02
      2.74000000e+02      -2.23376190e-01
      2.75000000e+02      -7.01748957e-01
      2.76000000e+02      -5.81483607e-01
      2.77000000e+02      -3.47285457e-01
      2.78000000e+02      -5.37822088e-01
      2.79000000e+02      -3.69424169e-01
      2.80000000e+02      -1.87275232e-01
      2.81000000e+02      -8.32169035e-01
      2.82000000e+02      -4.82545546e-01
      2.83000000e+02      -6.55442859e-01
      2.84000000e+02      -3.24350918e-01
      2.85000000e+02      -5.42800220e-01
      2.86000000e+02       9.65434329e-01
      2.87000000e+02       5.83290865e-01
      2.88000000e+02       8.23642665e-01
      2.89000000e+02      -7.27939560e-02
      2.90000000e+02       2.38927909e-01
      2.91000000e+02      -7.25010024e-02
      2.92000000e+02      -1.02947738e+00
      2.93000000e+02      -2.70098604e-01
      2.94000000e+02      -8.93785317e-01
      2.95000000e+02      -8.84102983e-01
      2.96000000e+02       5.65171594e-01
      2.97000000e+02       1.55171348e-01
      2.98000000e+02      -1.21335800e-01
      2.99000000e+02      -3.33904872e-01
      3.00000000e+02      -2.73329708e-01
      3.01000000e+02      -3.54058072e-01
      3.02000000e+02       3.59948750e-01
      3.03000000e+02      -3.26938200e-01
      3.04000000e+02      -1.82609252e-01
      3.05000000e+02      -2.67270527e-01
      3.06000000e+02      -6.28058992e-01
      3.07000000e+02       8.44085587e-02
      3.08000000e+02      -1.12786176e-01
      3.09000000e+02       4.16013442e-02
      3.10000000e+02      -2.77954175e-01
      3.11000000e+02      -8.99327978e-03
      3.12000000e+02      -6.66169153e-01
      3.13000000e+02       4.32534398e-01
      3.14000000e+02       5.81085248e-01
      3.15000000e+02       5.53116626e-01
      3.16000000e+02       7.81477379e-01
      3.17000000e+02      -3.36685065e-01
      3.18000000e+02       4.87687338e-01
      3.19000000e+02       1.46084203e-01
      3.20000000e+02      -2.81251674e-01
      3.21000000e+02      -5.86296930e-01
      3.22000000e+02       9.86593308e-02
      3.23000000e+02      -7.47041289e-01
      3.24000000e+02      -1.90113823e-01
      3.25000000e+02      -5.30587716e-01
      3.26000000e+02      -3.82361353e-01
      3.27000000e+02      -4.48722281e-01
      3.28000000e+02      -7.49844572e-01
      3.29000000e+02      -6.72470160e-01
      3.30000000e+02      -3.59505760e-01
      3.31000000e+02       5.73550372e-01
      3.32000000e+02       1.43585146e-01
      3.33000000e+02      -2.23475265e-02
      3.34000000e+02      -2.85342511e-02
      3.35000000e+02      -1.79473822e-01
      3.36000000e+02      -5.76503573e-01
      3.37000000e+02      -8.93082856e-01
      3.38000000e+02      -2.43733396e-01
      3.39000000e+02       2.05756527e-01
      3.40000000e+02      -1.88810953e-01
      3.41000000e+02       3.05035603e-01
      3.42000000e+02      -3.44525749e-01
      3.43000000e+02      -8.74173759e-02
      3.44000000e+02       7.32624272e-01
      3.45000000e+02       7.16917045e-01
      3.46000000e+02       1.70518295e-01
      3.47000000e+02      -4.55460120e-01
      3.48000000e+02      -5.39899987e-01
      3.49000000e+02      -4.88596041e-01
      3.50000000e+02      -4.25589378e-01
      3.51000000e+02      -6.71556835e-01
      3.52000000e+02      -6.46142895e-01
      3.53000000e+02      -8.35739651e-01
      3.54000000e+02      -7.13583750e-01
      3.55000000e+02      -5.44167771e-01
      3.56000000e+02      -2.62142227e-01
      3.57000000e+02       3.59597056e-03
      3.58000000e+02      -1.52623328e-01
      3.59000000e+02      -4.68838841e-01
      3.60000000e+02      -5.51657124e-01
      3.61000000e+02       6.64616527e-01
      3.62000000e+02      -2.84344595e-01
      3.63000000e+02      -5.77715447e-01
      3.64000000e+02      -7.74422383e-01
      3.65000000e+02      -9.12709991e-02
      3.66000000e+02       3.60429178e-01
      3.67000000e+02       3.45457177e-01
      3.68000000e+02       3.23614532e-01
      3.69000000e+02       5.69967064e-01
      3.70000000e+02       2.69967482e-01
      3.71000000e+02       6.45637377e-01
      3.72000000e+02       7.89043050e-01
      3.73000000e+02       2.25640905e-01
      3.74000000e+02       1.90239967e-01
      3.75000000e+02       3.76488654e-01
      3.76000000e+02       5.95593984e-01
      3.77000000e+02       4.56680515e-01
      3.78000000e+02       5.38608171e-01
      3.79000000e+02      -2.79301276e-01
      3.80000000e+02      -1.96649885e-01
      3.81000000e+02       3.12461268e-01
      3.82000000e+02      -1.46280847e-01
      3.83000000e+02      -7.60701957e-01
      3.84000000e+02      -4.97900877e-01
      3.85000000e+02       1.12789994e-01
      3.86000000e+02      -1.57216677e-01
      3.87000000e+02      -5.69479180e-01
      3.88000000e+02      -4.43659069e-01
      3.89000000e+02      -2.59270297e-01
      3.90000000e+02       8.06779256e-01
      3.91000000e+02       4.02633356e-02
      3.92000000e+02      -4.24590565e-01
      3.93000000e+02       4.05413105e-01
      3.94000000e+02      -5.15480261e-02
      3.95000000e+02      -5.03415866e-01
      3.96000000e+02      -8.75954615e-01
      3.97000000e+02       9.53389480e-01
      3.98000000e+02      -6.15615276e-01
      3.99000000e+02      -2.11981700e-01
      4.00000000e+02       8.18792092e-01
