      1.82492095e+00       1.07991733e+00
      1.35544600e+00       9.29646637e-01
      1.80601722e+00       7.74912982e-01
      1.46233209e+00       3.53304838e-01
      1.55803803e+00       3.04213244e-01
      2.04085514e+00       6.48935092e-02
      1.74898678e+00       5.12735516e-02
      1.52517502e+00       1.19751129e-01
      1.71388747e+00      -6.62246216e-01
      1.72481761e+00       5.94981175e-01
      1.63296676e+00       1.24941754e-01
      1.50067496e+00       8.66095482e-01
      1.57437824e+00       1.11102435e-01
      1.58938461e+00       5.15259186e-01
      1.52311625e+00      -6.79840753e-02
      1.78674324e+00       1.15067091e-01
      1.78650790e+00      -5.35610717e-01
      1.73153623e+00       4.51622754e-01
      1.60200875e+00      -9.66161272e-02
      1.52330364e+00      -4.69642428e-02
      1.68741511e+00       3.17470912e-01
      1.56219155e+00      -1.70958795e-01
      1.47747528e+00      -5.42010980e-01
      1.39968598e+00       1.96660722e-01
      1.74995066e+00       6.54887714e-02
      1.80813217e+00      -4.59128902e-01
      1.66373504e+00      -5.10419499e-01
      1.88418013e+00      -4.34561897e-02
      1.50034698e+00      -3.84495784e-02
      1.97837615e+00       1.27838142e-01
      1.78589872e+00      -8.10088076e-02
      1.54198426e+00       4.81711838e-01
      1.91480847e+00       3.62976196e-01
      1.65475126e+00       3.47833105e-01
      1.54275220e+00       3.75822157e-01
      1.58696854e+00       2.58665368e-01
      1.88396025e+00      -7.81788044e-02
      1.38978366e+00       2.93686714e-01
      1.88829553e+00      -5.61094849e-01
      1.43998123e+00      -1.48147142e+00
      1.67954586e+00      -3.73576188e-01
      1.68330257e+00       1.68011589e-01
      1.42395917e+00       2.98257299e-01
      1.58360142e+00       3.69995643e-01
      1.76211081e+00      -2.20325881e-01
      1.33023538e+00      -3.96615789e-01
      1.43343552e+00      -4.29926353e-01
      1.58994411e+00       1.51693977e-01
      1.33509484e+00      -3.03080170e-01
      1.40519287e+00       1.01453848e-02
      1.56770055e+00      -4.13711575e-01
      1.52299387e+00      -7.66587611e-01
      1.63178578e+00      -4.79732305e-01
      1.74139275e+00      -4.62225073e-01
      1.57816685e+00      -6.78021582e-01
      1.95742863e+00       9.66777746e-02
      1.41436915e+00      -1.32009433e-01
      1.62282953e+00       6.14625906e-01
      1.65661340e+00       8.98100904e-01
      1.77119948e+00       5.74089662e-01
      1.55540709e+00       5.62835777e-01
      1.58453750e+00       6.06525442e-02
      1.78686164e+00       2.13537520e-01
      1.84191740e+00       7.95271276e-02
      1.85464967e+00       3.55921931e-01
      1.90417641e+00       6.49267643e-01
      1.60452796e+00       1.31884773e+00
      1.50195583e+00       7.37569366e-01
      1.56126697e+00      -7.90277223e-01
      1.80471170e+00      -4.83069639e-01
      1.61840272e+00      -1.13660343e-01
      1.76406160e+00      -3.77936250e-02
      1.42789200e+00       4.83834692e-01
      1.45439107e+00       2.06417971e-02
      1.73080958e+00      -4.12848572e-01
      1.62056321e+00      -1.02542448e+00
      1.21389838e+00       5.44025262e-01
      1.67424932e+00       1.07470805e-01
      1.86049093e+00       3.63420666e-01
      1.38795580e+00       1.09392609e-01
      1.33690126e+00      -2.55153590e-01
      1.48775677e+00      -6.14845462e-01
      1.54847743e+00       2.02226547e-01
      1.79106294e+00      -6.84974072e-01
      1.50540793e+00      -8.23785049e-01
      1.71475721e+00       1.94069785e-01
      1.56469564e+00      -6.10675391e-01
      1.36266309e+00      -7.97230103e-01
      1.63590113e+00      -1.09502510e+00
      1.54286207e+00       4.12064149e-01
      1.38646142e+00       6.35755939e-01
      1.22202737e+00       5.54558267e-01
      1.72920578e+00       5.14783500e-01
      1.50462103e+00       3.57182421e-01
      1.93111849e+00       3.45710948e-01
      1.83558390e+00       5.26362175e-01
      1.69272303e+00       7.16189465e-01
      1.99885240e+00       4.01515912e-01
      1.77887401e+00       3.26475089e-01
      1.62883320e+00       2.85405628e-01
      1.58251903e+00       4.52801359e-01
      1.41703654e+00       2.68388170e-01
      1.68633213e+00       5.10227052e-01
      1.73345862e+00       8.41405346e-01
      1.40783202e+00       7.94093708e-01
      1.91792902e+00       8.51091977e-01
      1.51173678e+00       6.93048426e-01
      1.47306920e+00       6.32336691e-01
      1.81222005e+00       6.53881450e-01
      1.65590977e+00      -9.88732286e-02
      1.55519635e+00      -7.37865597e-01
      1.60088355e+00      -8.04504220e-02
      1.27393799e+00      -9.95685301e-02
      1.80389182e+00       7.32121958e-01
      1.80245669e+00       6.53377686e-01
      1.66832636e+00       4.28852971e-01
      1.30751686e+00       6.43882805e-01
      1.50941199e+00      -3.63259210e-01
      1.67049837e+00      -3.60480654e-01
      1.42211981e+00      -7.08082899e-01
      1.36016704e+00      -4.66568125e-01
      1.75207140e+00      -3.82810525e-01
      1.52864482e+00      -9.69616205e-01
      1.89239495e+00      -7.27988229e-01
      1.49873890e+00      -9.01689547e-01
      1.64684319e+00      -2.26230192e-01
      1.40025957e+00       5.40170675e-03
      1.49792071e+00      -3.60308143e-01
      1.71632894e+00      -5.51733260e-01
      1.74854100e+00      -3.03720656e-01
      1.64191829e+00      -9.00824789e-01
      1.55821622e+00      -4.47954128e-01
      1.59218970e+00      -3.62886423e-01
      1.65756672e+00      -4.26575439e-01
      1.70742546e+00      -4.90052924e-01
      1.49729290e+00      -4.26562230e-01
      1.35828587e+00      -6.51830303e-01
      1.77961775e+00      -2.10345420e-01
      1.80499749e+00       3.35955188e-01
      1.46215928e+00      -1.94910650e-02
      1.68492678e+00       2.93377123e-01
      1.74571254e+00       1.89212139e-01
      1.44730230e+00      -2.86348908e-01
      1.61691544e+00      -6.03300639e-01
      1.72820939e+00      -1.39978875e-01
      1.37455111e+00      -1.29232731e-01
      1.72001097e+00      -7.71334409e-02
      1.83261423e+00      -4.32880871e-02
      1.74281688e+00       1.37279114e-01
      1.46667620e+00      -3.73075938e-01
      1.50255607e+00      -1.50142881e-01
      1.62133981e+00      -1.54494080e+00
      1.80358889e+00      -1.80185266e+00
      1.98063317e+00      -2.23960475e+00
      1.71842936e+00      -1.82705670e+00
      1.52473801e+00      -1.78281024e+00
      1.51930397e+00      -1.88966521e+00
      1.82376704e+00      -1.84608557e+00
      1.52329568e+00      -1.72397748e+00
      1.59633653e+00      -1.87539244e+00
      1.52609120e+00      -1.69269979e+00
      1.71873701e+00      -2.25350687e+00
      1.41091135e+00      -1.20481609e+00
      1.72500154e+00      -1.65659268e+00
      1.98805280e+00      -1.37979742e+00
      1.64266871e+00      -1.73867049e+00
      1.42048327e+00      -1.44108337e+00
      1.29515115e+00      -1.72273911e+00
      1.66903786e+00      -2.34003390e+00
      1.34315469e+00      -1.86760183e+00
      1.53376030e+00      -1.90933197e+00
      1.47121658e+00      -1.54334809e+00
      1.75489355e+00      -1.23740664e+00
      1.82410697e+00      -1.56136554e+00
      1.55409019e+00      -1.99845976e+00
      1.61039881e+00      -2.10515140e+00
      1.58968877e+00      -1.62959346e+00
      1.96223137e+00      -2.25194486e+00
      1.68799568e+00      -1.76932832e+00
      1.29649457e+00      -1.92113460e+00
      1.58473885e+00      -1.67133377e+00
      1.67541888e+00      -1.62803972e+00
      1.63761128e+00      -1.65563686e+00
      1.83508342e+00      -2.32757925e+00
      1.66072485e+00      -1.85551804e+00
      1.43744204e+00      -1.71780051e+00
      1.50980126e+00      -1.48148386e+00
      1.37177825e+00      -1.75162550e+00
      1.50633690e+00      -1.50417275e+00
      1.29750982e+00      -1.92751928e+00
      1.44108477e+00      -1.72960444e+00
      1.84373610e+00      -1.43149785e+00
      1.64770318e+00      -1.82339559e+00
      1.54248927e+00      -1.27681080e+00
      1.60363542e+00      -3.11594970e-01
      1.47095012e+00       9.52257477e-02
      1.60352966e+00      -1.11674147e+00
      1.47835149e+00       6.89841078e-01
      2.17426864e+00      -8.29856575e-01
      1.63126810e+00      -8.07510268e-01
      2.08385026e+00      -4.05517220e-01
      1.52447833e+00       3.93648780e-01
      1.67512490e+00       6.98945901e-01
      1.76946914e+00       1.21192356e+00
      1.53477203e+00      -1.26997477e-01
      1.79909679e+00      -1.10404141e+00
      1.59053041e+00      -1.01378544e+00
      1.66691638e+00      -5.12473827e-01
      1.67526691e+00       3.98483236e-01
      1.65199801e+00      -1.52780871e-01
      1.69015505e+00      -1.04180464e+00
      1.51966541e+00      -1.32363537e+00
      1.40079552e+00      -8.43063606e-01
      1.60762160e+00       1.80812759e-01
      1.35307924e+00      -7.16526381e-01
      1.52683764e+00       1.10082503e-02
      1.51218967e+00       1.89770068e-01
      1.69250252e+00      -9.45048042e-02
      1.39738202e+00       1.81248120e-02
      1.69067759e+00       4.83103741e-02
      1.43870524e+00      -1.92437084e-02
      1.39402192e+00       9.14561096e-01
      1.76324977e+00      -7.54839271e-01
      1.58595022e+00       1.85536308e-01
      1.54691082e+00       1.11157787e-01
      1.63007563e+00       4.83138469e-01
      1.54025624e+00      -1.22368538e-01
      1.51497383e+00      -7.01938513e-01
      1.41838008e+00       8.36270181e-01
      1.87083728e+00       6.13467641e-01
      1.95410100e+00       4.65760317e-01
      1.83473751e+00       5.83723029e-01
      1.35311794e+00      -2.25705196e-01
      1.31890825e+00       2.77194649e-01
      1.69708916e+00       5.37667509e-01
      1.23984759e+00      -8.34130624e-01
      1.72329876e+00      -5.67626560e-01
      1.54685043e+00      -5.11027510e-01
      1.54024308e+00       5.50856832e-02
      1.41243077e+00      -7.95769473e-01
      1.63340064e+00       4.86105059e-01
      1.70158961e+00       7.83719574e-01
      1.60140915e+00       8.87509691e-01
      1.86642003e+00      -3.53305879e-01
      1.42331747e+00      -2.35771335e-01
      1.83306516e+00      -5.14397118e-01
      1.57605677e+00      -8.87982975e-01
      1.86249333e+00      -4.28819204e-01
      1.50856433e+00      -3.25974979e-01
      1.61723577e+00      -7.64260326e-01
      1.32337322e+00      -8.15317965e-01
      1.67566904e+00      -1.11163178e+00
      1.57994962e+00      -1.45608302e+00
      1.33997140e+00      -7.98127508e-01
      1.36346012e+00      -8.03486852e-01
      1.19685689e+00      -1.31337183e+00
      1.43113694e+00      -4.10157821e-01
      1.67432774e+00      -7.90814632e-01
      1.50925791e+00      -6.20821923e-01
      1.69421871e+00      -5.90617202e-01
      1.36205136e+00       6.88539967e-01
      1.73108781e+00       2.84848954e-02
      1.63064525e+00      -2.26831011e-01
      1.45895747e+00       6.64858160e-01
      1.62746671e+00       5.68816980e-01
      1.49405275e+00      -3.39543816e-02
      1.52502919e+00       6.76848635e-01
      1.60610980e+00       1.02488673e-01
      1.44291803e+00      -3.01396717e-01
      1.58284315e+00      -9.72976774e-02
      1.74529390e+00      -5.73425794e-01
      1.63670672e+00      -1.76381060e-01
      1.59886166e+00      -9.43646446e-02
      1.58783204e+00      -2.23376190e-01
      1.67426050e+00      -7.01748957e-01
      1.87866182e+00      -5.81483607e-01
      1.81897969e+00      -3.47285457e-01
      1.63752078e+00      -5.37822088e-01
      1.61599816e+00      -3.69424169e-01
      1.67375136e+00      -1.87275232e-01
      1.80554004e+00      -8.32169035e-01
      1.53215733e+00      -4.82545546e-01
      1.57910603e+00      -6.55442859e-01
      1.47542199e+00      -3.24350918e-01
      1.46073666e+00      -5.42800220e-01
      1.65645575e+00       9.65434329e-01
      1.49371120e+00       5.83290865e-01
      1.45243083e+00       8.23642665e-01
      1.43710717e+00      -7.27939560e-02
      1.95187541e+00       2.38927909e-01
      1.92955526e+00      -7.25010024e-02
      1.56237522e+00      -1.02947738e+00
      1.78140291e+00      -2.70098604e-01
      1.55819019e+00      -8.93785317e-01
      1.78940831e+00      -8.84102983e-01
      1.67444210e+00       5.65171594e-01
      1.53520566e+00       1.55171348e-01
      1.14501538e+00      -1.21335800e-01
      1.44307428e+00      -3.33904872e-01
      1.54034539e+00      -2.73329708e-01
      1.42883125e+00      -3.54058072e-01
      1.50670333e+00       3.59948750e-01
      1.78011758e+00      -3.26938200e-01
      1.48496152e+00      -1.82609252e-01
      1.74857302e+00      -2.67270527e-01
      1.30803239e+00      -6.28058992e-01
      1.42121665e+00       8.44085587e-02
      1.55689241e+00      -1.12786176e-01
      1.52157065e+00       4.16013442e-02
      1.49204328e+00      -2.77954175e-01
      1.73922905e+00      -8.99327978e-03
      1.46535924e+00      -6.66169153e-01
      1.32189805e+00       4.32534398e-01
      1.44789200e+00       5.81085248e-01
      1.66231762e+00       5.53116626e-01
      1.56934564e+00       7.81477379e-01
      1.51524256e+00      -3.36685065e-01
      1.19065250e+00       4.87687338e-01
      2.05791029e+00       1.46084203e-01
      1.86831416e+00      -2.81251674e-01
      1.48905256e+00      -5.86296930e-01
      1.74168198e+00       9.86593308e-02
      1.63759041e+00      -7.47041289e-01
      1.34148098e+00      -1.90113823e-01
      1.52648666e+00      -5.30587716e-01
      1.54176294e+00      -3.82361353e-01
      1.52717574e+00      -4.48722281e-01
      1.69062157e+00      -7.49844572e-01
      1.75546472e+00      -6.72470160e-01
      1.73653466e+00      -3.59505760e-01
      1.68124027e+00       5.73550372e-01
      1.54257036e+00       1.43585146e-01
      1.55355558e+00      -2.23475265e-02
      1.96326206e+00      -2.85342511e-02
      1.55138074e+00      -1.79473822e-01
      1.84433824e+00      -5.76503573e-01
      1.91944736e+00      -8.93082856e-01
      1.74674996e+00      -2.43733396e-01
      1.67686063e+00       2.05756527e-01
      1.64929437e+00      -1.88810953e-01
      1.58259336e+00       3.05035603e-01
      1.85974273e+00      -3.44525749e-01
      1.54160447e+00      -8.74173759e-02
      1.48491662e+00       7.32624272e-01
      1.48247650e+00       7.16917045e-01
      1.87641345e+00       1.70518295e-01
      1.87312330e+00      -4.55460120e-01
      1.93599108e+00      -5.39899987e-01
      2.08880119e+00      -4.88596041e-01
      1.65957001e+00      -4.25589378e-01
      1.40699271e+00      -6.71556835e-01
      1.64660289e+00      -6.46142895e-01
      1.81964879e+00      -8.35739651e-01
      1.51395336e+00      -7.13583750e-01
      1.51714270e+00      -5.44167771e-01
      1.61528089e+00      -2.62142227e-01
      1.64149174e+00       3.59597056e-03
      1.64930789e+00      -1.52623328e-01
      1.59651837e+00      -4.68838841e-01
      1.59322726e+00      -5.51657124e-01
      1.32478301e+00       6.64616527e-01
      1.90637841e+00      -2.84344595e-01
      1.70395328e+00      -5.77715447e-01
      1.43498204e+00      -7.74422383e-01
      1.41028556e+00      -9.12709991e-02
      1.28559335e+00       3.60429178e-01
      1.46124202e+00       3.45457177e-01
      1.67400632e+00       3.23614532e-01
      1.42124395e+00       5.69967064e-01
      1.59059698e+00       2.69967482e-01
      1.53529977e+00       6.45637377e-01
      1.72009865e+00       7.89043050e-01
      1.53154732e+00       2.25640905e-01
      1.86006512e+00       1.90239967e-01
      1.60340539e+00       3.76488654e-01
      1.15397019e+00       5.95593984e-01
      1.61687744e+00       4.56680515e-01
      1.56696426e+00       5.38608171e-01
      1.46853195e+00      -2.79301276e-01
      1.53333717e+00      -1.96649885e-01
      1.79094557e+00       3.12461268e-01
      1.63822866e+00      -1.46280847e-01
      1.64331658e+00      -7.60701957e-01
      1.69109881e+00      -4.97900877e-01
      1.76575820e+00       1.12789994e-01
      1.69689726e+00      -1.57216677e-01
      1.48412505e+00      -5.69479180e-01
      1.76873397e+00      -4.43659069e-01
      1.28617005e+00      -2.59270297e-01
      1.55130908e+00       8.06779256e-01
      1.30136906e+00       4.02633356e-02
      1.54892747e+00      -4.24590565e-01
      1.80477849e+00       4.05413105e-01
      1.67917524e+00      -5.15480261e-02
      1.67000441e+00      -5.03415866e-01
      1.37206034e+00      -8.75954615e-01
      1.68795330e+00       9.53389480e-01
      1.60607395e+00      -6.15615276e-01
      1.43701535e+00      -2.11981700e-01
      1.84942339e+00       8.18792092e-01
