Case  Inputs Targets   Means Error^2 10%_Qnt 90%_Qnt
   1    0.92    1.49    1.59  0.0098    1.47    1.71
   2    0.71    1.83    1.78  0.0017    1.67    1.90
   3    0.20    1.72    1.68  0.0014    1.56    1.80
   4    0.19    1.76    1.66  0.0101    1.55    1.78
   5    1.18    1.18    1.20  0.0005    1.08    1.33
   6   -2.10    0.05    0.06  0.0002   -0.10    0.21
   7   -1.34    0.30    0.37  0.0037    0.24    0.49
   8   -1.62    0.48    0.41  0.0050    0.27    0.54
   9   -2.29   -0.41   -0.17  0.0560   -0.44    0.09
  10   -0.23    0.89    0.97  0.0059    0.85    1.09
  11    1.51    0.82    0.83  0.0000    0.70    0.95
  12    0.28    1.73    1.75  0.0003    1.63    1.86
  13   -0.11    1.30    1.19  0.0130    1.07    1.31
  14   -0.54    0.41    0.50  0.0069    0.38    0.61
  15   -0.26    0.82    0.92  0.0099    0.80    1.04
  16    1.62    0.75    0.79  0.0012    0.66    0.92
  17    0.73    1.82    1.77  0.0017    1.65    1.89
  18    0.74    1.79    1.76  0.0005    1.64    1.88
  19   -0.59    0.41    0.44  0.0007    0.32    0.56
  20   -2.03   -0.01    0.14  0.0201    0.00    0.27
  21   -0.52    0.44    0.52  0.0059    0.39    0.64
  22    0.73    1.77    1.77  0.0000    1.66    1.89
  23    0.44    1.95    1.83  0.0155    1.71    1.95
  24    0.59    1.93    1.83  0.0091    1.71    1.95
  25   -0.02    1.30    1.37  0.0039    1.24    1.49
  26    0.39    1.78    1.81  0.0014    1.70    1.93
  27    2.10    1.04    1.08  0.0017    0.95    1.21
  28    0.66    1.92    1.81  0.0134    1.69    1.93
  29    0.51    1.95    1.84  0.0115    1.72    1.96
  30    0.15    1.48    1.62  0.0180    1.50    1.74
  31   -0.28    0.99    0.88  0.0125    0.76    1.00
  32    0.76    1.81    1.75  0.0037    1.63    1.87
  33    0.28    1.72    1.75  0.0005    1.63    1.87
  34    0.10    1.59    1.55  0.0017    1.43    1.67
  35    0.96    1.50    1.54  0.0010    1.42    1.66
  36   -1.24    0.23    0.32  0.0085    0.20    0.44
  37    1.41    0.95    0.91  0.0022    0.78    1.03
  38    0.18    1.65    1.65  0.0000    1.53    1.77
  39   -0.00    1.42    1.39  0.0005    1.27    1.51
  40   -0.87    0.12    0.27  0.0218    0.15    0.39
  41    0.15    1.42    1.62  0.0379    1.50    1.74
  42    1.41    0.87    0.90  0.0008    0.78    1.03
  43   -1.42    0.44    0.39  0.0026    0.26    0.52
  44    0.44    1.99    1.83  0.0241    1.71    1.95
  45    0.08    1.66    1.53  0.0158    1.41    1.65
  46    1.56    0.68    0.81  0.0146    0.68    0.93
  47    0.65    1.94    1.81  0.0155    1.70    1.93
  48   -1.32    0.38    0.36  0.0006    0.23    0.48
  49   -0.98    0.03    0.25  0.0519    0.13    0.38
  50   -0.65    0.37    0.38  0.0002    0.27    0.50
  51    0.34    1.93    1.79  0.0193    1.67    1.91
  52    0.22    1.67    1.69  0.0005    1.58    1.81
  53    0.22    1.88    1.69  0.0347    1.57    1.81
  54    0.52    2.11    1.84  0.0718    1.72    1.96
  55   -0.74    0.50    0.32  0.0315    0.20    0.44
  56    0.66    1.89    1.81  0.0061    1.70    1.93
  57    0.18    1.77    1.65  0.0139    1.53    1.77
  58    0.87    1.52    1.65  0.0152    1.53    1.77
  59   -1.51    0.57    0.41  0.0241    0.28    0.54
  60   -0.02    1.49    1.36  0.0163    1.24    1.49
  61   -0.15    1.11    1.13  0.0004    1.01    1.24
  62    0.80    1.58    1.72  0.0184    1.60    1.84
  63   -0.51    0.53    0.53  0.0000    0.41    0.65
  64   -0.70    0.26    0.35  0.0080    0.23    0.47
  65    0.04    1.67    1.46  0.0457    1.34    1.58
  66    0.45    1.85    1.83  0.0003    1.72    1.95
  67   -2.33   -0.48   -0.22  0.0690   -0.52    0.08
  68    0.40    1.84    1.82  0.0003    1.70    1.94
  69   -1.46    0.49    0.40  0.0086    0.27    0.53
  70    1.46    0.83    0.86  0.0013    0.74    0.99
  71   -0.24    1.01    0.95  0.0036    0.83    1.07
  72   -1.21    0.38    0.31  0.0057    0.18    0.43
  73    0.66    1.86    1.81  0.0027    1.69    1.93
  74   -0.86    0.18    0.27  0.0080    0.15    0.40
  75    0.67    1.81    1.81  0.0000    1.69    1.92
  76    0.25    1.84    1.72  0.0151    1.60    1.84
  77    1.08    1.17    1.36  0.0350    1.24    1.48
  78   -0.02    1.39    1.35  0.0012    1.23    1.47
  79    2.39    1.47    1.48  0.0002    1.29    1.68
  80   -1.35    0.46    0.37  0.0077    0.24    0.50
  81    0.89    1.62    1.63  0.0001    1.50    1.75
  82   -0.72    0.21    0.34  0.0153    0.22    0.46
  83    2.05    0.94    1.02  0.0054    0.89    1.15
  84    1.30    0.96    1.02  0.0043    0.90    1.14
  85    0.09    1.55    1.53  0.0003    1.41    1.65
  86   -0.20    1.09    1.02  0.0050    0.90    1.14
  87    0.89    1.43    1.63  0.0384    1.51    1.75
  88   -0.22    0.99    0.98  0.0001    0.86    1.10
  89    0.81    1.70    1.71  0.0001    1.59    1.83
  90    0.70    1.90    1.79  0.0110    1.67    1.91
  91   -0.16    1.21    1.10  0.0112    0.98    1.22
  92    0.79    1.70    1.73  0.0009    1.61    1.85
  93   -1.99    0.19    0.18  0.0003    0.04    0.31
  94    0.18    1.71    1.66  0.0033    1.53    1.78
  95    1.56    0.84    0.80  0.0010    0.68    0.93
  96   -0.32    0.80    0.81  0.0001    0.69    0.93
  97   -0.12    1.23    1.18  0.0022    1.06    1.30
  98   -0.69    0.35    0.36  0.0001    0.24    0.48
  99   -1.33    0.19    0.36  0.0288    0.24    0.49
 100   -0.09    1.31    1.24  0.0049    1.12    1.36