 1.00000000e+00  1.05778029e+00 
 2.00000000e+00  5.01126192e-01 
 3.00000000e+00  3.45819575e-01 
 4.00000000e+00  1.90562051e+00 
 5.00000000e+00  5.44280125e-01 
 6.00000000e+00  3.03940730e+00 
 7.00000000e+00 -1.86145969e+00 
 8.00000000e+00  3.96183057e+00 
 9.00000000e+00 -9.56869192e-01 
 1.00000000e+01  9.84208399e-01 
 1.10000000e+01 -2.14284159e-02 
 1.20000000e+01  1.88565768e+00 
 1.30000000e+01  1.21739515e+00 
 1.40000000e+01 -5.93803237e-01 
 1.50000000e+01  2.20500452e+00 
 1.60000000e+01  1.08761402e+00 
 1.70000000e+01  5.79695201e-01 
 1.80000000e+01  1.70606738e+00 
 1.90000000e+01  2.17235767e+00 
 2.00000000e+01 -1.66178470e+00 
 2.10000000e+01  1.30185101e+00 
 2.20000000e+01  3.90924861e-01 
 2.30000000e+01 -1.36321248e+00 
 2.40000000e+01 -5.61078861e-02 
 2.50000000e+01  1.41977129e+00 
 2.60000000e+01  1.71724116e+00 
 2.70000000e+01  1.71367040e+00 
 2.80000000e+01 -4.00180811e-01 
 2.90000000e+01  7.62827847e-01 
 3.00000000e+01  3.04355914e-02 
 3.10000000e+01  1.97481565e+00 
 3.20000000e+01 -7.67421948e-01 
 3.30000000e+01  2.12342175e+00 
 3.40000000e+01 -1.68025649e-01 
 3.50000000e+01  4.19463131e-01 
 3.60000000e+01  5.32035044e-01 
 3.70000000e+01  7.58612485e-01 
 3.80000000e+01  1.08564701e+00 
 3.90000000e+01  5.87130963e-01 
 4.00000000e+01  1.99755330e+00 
 4.10000000e+01  2.04167234e-01 
 4.20000000e+01  8.12191709e-01 
 4.30000000e+01  2.20852010e+00 
 4.40000000e+01  5.03962676e-01 
 4.50000000e+01 -3.97814628e-01 
 4.60000000e+01  1.17612320e+00 
 4.70000000e+01  1.25027859e+00 
 4.80000000e+01  4.80173110e-02 
 4.90000000e+01  8.72050615e-01 
 5.00000000e+01  1.10421382e+00 
 5.10000000e+01 -4.52668047e-01 
 5.20000000e+01  5.51147136e-01 
 5.30000000e+01  5.22942210e-01 
 5.40000000e+01  9.85672942e-02 
 5.50000000e+01  9.20430755e-01 
 5.60000000e+01  6.14194132e-01 
 5.70000000e+01  3.69040622e-01 
 5.80000000e+01  8.48053363e-01 
 5.90000000e+01  3.01870813e-01 
 6.00000000e+01  1.02748706e-01 
 6.10000000e+01  7.08883145e-01 
 6.20000000e+01  3.37737588e-01 
 6.30000000e+01  4.88628516e-01 
 6.40000000e+01  9.64295395e-01 
 6.50000000e+01 -5.92101118e-01 
 6.60000000e+01  2.69765257e+00 
 6.70000000e+01 -6.42524136e-01 
 6.80000000e+01  1.18283779e+00 
 6.90000000e+01  1.20784046e-01 
 7.00000000e+01 -3.83634286e-01 
 7.10000000e+01  1.26581002e+00 
 7.20000000e+01  1.72694716e+00 
 7.30000000e+01  2.00173552e+00 
 7.40000000e+01  2.21547873e+00 
 7.50000000e+01  2.16958541e-01 
 7.60000000e+01  1.44676350e+00 
 7.70000000e+01  2.78617798e-01 
 7.80000000e+01  2.43830294e+00 
 7.90000000e+01  2.43729224e+00 
 8.00000000e+01  3.99250355e+00 
 8.10000000e+01  2.02045001e-01 
 8.20000000e+01  9.70595568e-01 
 8.30000000e+01  1.90795977e-01 
 8.40000000e+01  9.36779072e-01 
 8.50000000e+01  6.39118625e-01 
 8.60000000e+01  1.76566138e+00 
 8.70000000e+01 -1.02567613e+00 
 8.80000000e+01 -7.98102330e-01 
 8.90000000e+01  2.05944151e+00 
 9.00000000e+01 -5.12008437e-01 
 9.10000000e+01  1.76670740e+00 
 9.20000000e+01  4.62579214e-01 
 9.30000000e+01 -8.44100619e-01 
 9.40000000e+01  1.29516450e+00 
 9.50000000e+01 -9.85633550e-01 
 9.60000000e+01  2.98705117e+00 
 9.70000000e+01 -1.27844825e+00 
 9.80000000e+01  3.06244551e+00 
 9.90000000e+01 -1.11113064e+00 
 1.00000000e+02  3.25065874e-01 
 1.01000000e+02 -9.90408381e-01 
 1.02000000e+02 -9.93476359e-01 
 1.03000000e+02  1.01620325e+00 
 1.04000000e+02 -9.25790385e-01 
 1.05000000e+02  2.19328668e+00 
 1.06000000e+02 -1.02504752e+00 
 1.07000000e+02  2.71547237e+00 
 1.08000000e+02 -6.10313595e-01 
 1.09000000e+02  3.14833559e+00 
 1.10000000e+02  4.42037900e-02 
 1.11000000e+02  7.05545989e-01 
 1.12000000e+02 -2.39757534e+00 
 1.13000000e+02  2.07089754e+00 
 1.14000000e+02  2.27672720e+00 
 1.15000000e+02  1.29212495e+00 
 1.16000000e+02 -2.17731525e+00 
 1.17000000e+02  1.70687152e+00 
 1.18000000e+02  7.35376754e-01 
 1.19000000e+02  5.71618976e-01 
 1.20000000e+02  1.35916722e+00 
 1.21000000e+02  9.01375862e-01 
 1.22000000e+02  2.85559137e-01 
 1.23000000e+02  7.79287053e-01 
 1.24000000e+02  7.61852669e-01 
 1.25000000e+02  2.05274793e-01 
 1.26000000e+02  2.29573116e+00 
 1.27000000e+02 -5.01782446e-01 
 1.28000000e+02  1.24287314e+00 
 1.29000000e+02 -4.77816977e-01 
 1.30000000e+02  1.35249723e+00 
 1.31000000e+02  8.06895208e-01 
 1.32000000e+02  2.27556676e-01 
 1.33000000e+02  1.01234461e+00 
 1.34000000e+02  4.11528865e-01 
 1.35000000e+02  9.83601197e-01 
 1.36000000e+02  3.01042535e+00 
 1.37000000e+02 -3.61771282e+00 
 1.38000000e+02 -8.18797356e-01 
 1.39000000e+02 -8.18797356e-01 
 1.40000000e+02 -9.92459071e-01 
 1.41000000e+02  2.30069489e+00 
 1.42000000e+02 -7.87908433e-01 
 1.43000000e+02  2.09976767e+00 
 1.44000000e+02 -5.96444768e-01 
 1.45000000e+02 -7.00520967e-01 
 1.46000000e+02  1.25709644e+00 
 1.47000000e+02  7.16724686e-01 
 1.48000000e+02  4.33097024e-01 
 1.49000000e+02  4.87421468e-01 
 1.50000000e+02  4.74335974e-01 
 1.51000000e+02  9.17830848e-01 
 1.52000000e+02  1.57748513e-01 
 1.53000000e+02  6.97242577e-01 
 1.54000000e+02 -6.04453003e-01 
 1.55000000e+02  9.77819238e-01 
 1.56000000e+02  2.84061650e-01 
 1.57000000e+02  1.12727500e+00 
 1.58000000e+02  7.76434820e-01 
 1.59000000e+02 -1.77145500e-01 
 1.60000000e+02  2.26664658e+00 
 1.61000000e+02  6.77100323e-01 
 1.62000000e+02  8.51403794e-01 
 1.63000000e+02  3.06564083e-01 
 1.64000000e+02  1.65813445e+00 
 1.65000000e+02  1.66996310e+00 
 1.66000000e+02 -5.26026493e-01 
 1.67000000e+02  2.41198066e+00 
 1.68000000e+02 -4.62403142e-01 
 1.69000000e+02  9.29572797e-01 
 1.70000000e+02  3.39014385e-01 
 1.71000000e+02  1.23401310e+00 
 1.72000000e+02  9.62877583e-02 
 1.73000000e+02  1.60735268e+00 
 1.74000000e+02 -4.96528344e-01 
 1.75000000e+02  6.13454769e-01 
 1.76000000e+02 -3.28509187e-01 
 1.77000000e+02  9.19449090e-01 
 1.78000000e+02  2.49229120e-01 
 1.79000000e+02  1.86270762e+00 
 1.80000000e+02  1.53289515e+00 
 1.81000000e+02  3.15715555e+00 
 1.82000000e+02 -1.13720016e-01 
 1.83000000e+02  1.74102602e+00 
 1.84000000e+02  1.84407428e-01 
 1.85000000e+02  5.59147088e-01 
 1.86000000e+02  8.43905587e-01 
 1.87000000e+02  8.83810368e-01 
 1.88000000e+02 -3.54687583e-01 
 1.89000000e+02  1.97028386e+00 
 1.90000000e+02 -3.79132919e-01 
 1.91000000e+02  1.98361935e+00 
 1.92000000e+02  1.45680843e+00 
 1.93000000e+02  8.31167794e-01 
 1.94000000e+02  8.49907892e-01 
 1.95000000e+02  1.30376324e+00 
 1.96000000e+02  1.05448356e+00 
 1.97000000e+02  8.14219163e-01 
 1.98000000e+02  1.24599793e+00 
 1.99000000e+02  1.07304569e+00 
 2.00000000e+02  6.91641806e-01 
 2.01000000e+02  6.48923695e-01 
 2.02000000e+02  1.02786766e+00 
 2.03000000e+02  1.16958547e+00 
 2.04000000e+02  1.18413237e-01 
 2.05000000e+02  5.63369851e-01 
 2.06000000e+02  4.45290780e-01 
 2.07000000e+02 -2.41169810e-01 
 2.08000000e+02  4.89193290e-01 
 2.09000000e+02 -1.96936721e-01 
 2.10000000e+02  9.49331272e-01 
 2.11000000e+02  4.59030558e-01 
 2.12000000e+02  4.71936924e-01 
 2.13000000e+02  4.64561082e-01 
 2.14000000e+02  1.31801961e-02 
 2.15000000e+02  3.66319574e-02 
 2.16000000e+02  7.50154445e-01 
 2.17000000e+02  1.31695717e-01 
 2.18000000e+02  4.50889379e-01 
 2.19000000e+02  1.29534883e-01 
 2.20000000e+02 -3.15121742e-01 
 2.21000000e+02  2.59668926e-01 
 2.22000000e+02  7.27609178e-01 
 2.23000000e+02  5.40464913e-01 
 2.24000000e+02  1.66743824e+00 
 2.25000000e+02 -4.15277593e-01 
 2.26000000e+02  1.27611023e-01 
 2.27000000e+02  1.26194918e+00 
 2.28000000e+02  1.12481055e+00 
 2.29000000e+02  1.23810854e+00 
 2.30000000e+02 -1.27697086e-01 
 2.31000000e+02  1.38662370e-01 
 2.32000000e+02  2.81213420e-01 
 2.33000000e+02  1.30376563e+00 
 2.34000000e+02 -2.55031286e-01 
 2.35000000e+02  1.19680871e+00 
 2.36000000e+02  6.02370431e-01 
 2.37000000e+02  1.68096497e-01 
 2.38000000e+02 -6.90848729e-01 
 2.39000000e+02 -9.69881758e-01 
 2.40000000e+02  2.82932843e+00 
 2.41000000e+02 -7.33465816e-01 
 2.42000000e+02  2.53368423e+00 
 2.43000000e+02 -6.41760529e-02 
 2.44000000e+02  1.80388870e+00 
 2.45000000e+02  1.79577461e+00 
 2.46000000e+02  2.79604363e-01 
 2.47000000e+02  1.84799398e+00 
 2.48000000e+02 -6.34458228e-01 
 2.49000000e+02  2.57274660e+00 
 2.50000000e+02  1.38090112e+00 
 2.51000000e+02 -5.03251796e-01 
 2.52000000e+02  1.55207051e+00 
 2.53000000e+02  1.04274136e+00 
 2.54000000e+02  1.19724909e+00 
 2.55000000e+02  5.37088796e-01 
 2.56000000e+02  7.30516350e-01 
 2.57000000e+02  6.49285633e-01 
 2.58000000e+02  4.00839079e-01 
 2.59000000e+02  3.37370725e-01 
 2.60000000e+02  2.58207073e-01 
 2.61000000e+02  5.08134333e-01 
 2.62000000e+02 -7.52372191e-03 
 2.63000000e+02  1.84932533e+00 
 2.64000000e+02 -9.50404490e-01 
 2.65000000e+02  9.14629795e-01 
 2.66000000e+02  8.42273101e-01 
 2.67000000e+02  9.30665925e-01 
 2.68000000e+02 -4.87850849e-01 
 2.69000000e+02  2.19228224e+00 
 2.70000000e+02  1.31862320e+00 
 2.71000000e+02  4.13723397e+00 
 2.72000000e+02  1.43383916e+00 
 2.73000000e+02  3.11800017e+00 
 2.74000000e+02  1.09659751e+00 
 2.75000000e+02 -6.19468022e-01 
 2.76000000e+02  1.71137808e+00 
 2.77000000e+02  1.60756855e+00 
 2.78000000e+02  4.25080378e-01 
 2.79000000e+02  1.51583735e+00 
 2.80000000e+02  5.34325994e-01 
 2.81000000e+02  7.11888323e-01 
 2.82000000e+02  1.01379863e+00 
 2.83000000e+02  6.37898049e-01 
 2.84000000e+02  8.36059452e-01 
 2.85000000e+02  8.76409172e-02 
 2.86000000e+02  3.31599946e-01 
 2.87000000e+02  3.28600318e-01 
 2.88000000e+02  4.89213473e-01 
 2.89000000e+02  5.10408897e-01 
 2.90000000e+02  1.54087756e+00 
 2.91000000e+02 -5.37605628e-01 
 2.92000000e+02  9.85007887e-01 
 2.93000000e+02  1.70671590e+00 
 2.94000000e+02 -6.00447692e-01 
 2.95000000e+02  1.05557836e+00 
 2.96000000e+02  3.55705798e+00 
 2.97000000e+02 -9.33169862e-02 
 2.98000000e+02  2.43932477e+00 
 2.99000000e+02 -3.68315367e-01 
 3.00000000e+02  1.30151474e+00 
 3.01000000e+02 -7.60143403e-01 
 3.02000000e+02  2.71308297e-01 
 3.03000000e+02  1.19326896e+00 
 3.04000000e+02  2.68388952e-01 
 3.05000000e+02  1.89283138e+00 
 3.06000000e+02  8.05966504e-02 
 3.07000000e+02  2.41884271e-01 
 3.08000000e+02 -5.43547479e-01 
 3.09000000e+02 -2.45818271e-02 
 3.10000000e+02 -2.27579842e+00 
 3.11000000e+02 -3.46879767e+00 
 3.12000000e+02 -7.44280234e-01 
 3.13000000e+02 -3.79768347e+00 
 3.14000000e+02  1.80815498e+00 
 3.15000000e+02  1.07629116e+00 
 3.16000000e+02  5.86656536e+00 
 3.17000000e+02  2.85346010e+00 
 3.18000000e+02  1.24246221e+00 
 3.19000000e+02  2.21046554e+00 
 3.20000000e+02 -2.26211174e+00 
 3.21000000e+02 -3.91797707e-01 
 3.22000000e+02  1.97561284e+00 
 3.23000000e+02  3.68940307e+00 
 3.24000000e+02  5.83094962e+00 
 3.25000000e+02 -3.63035028e-01 
 3.26000000e+02  5.47087638e+00 
 3.27000000e+02  4.14832243e+00 
 3.28000000e+02  1.12110365e+00 
 3.29000000e+02  2.56585070e+00 
 3.30000000e+02  2.66142231e+00 
 3.31000000e+02 -5.56723163e-01 
 3.32000000e+02 -1.03278925e+00 
 3.33000000e+02  4.62602993e+00 
 3.34000000e+02  7.10230801e+00 
 3.35000000e+02  6.03142415e+00 
 3.36000000e+02  8.75164107e+00 
 3.37000000e+02  4.69340036e+00 
 3.38000000e+02  3.00902516e+00 
 3.39000000e+02  1.81229359e+00 
 3.40000000e+02  2.41683612e+00 
 3.41000000e+02 -2.97727933e-01 
 3.42000000e+02  1.32131719e+00 
 3.43000000e+02  4.58578302e+00 
 3.44000000e+02  2.47709781e+00 
 3.45000000e+02 -7.96626484e-01 
 3.46000000e+02 -2.03391458e-01 
 3.47000000e+02  9.50724671e-01 
 3.48000000e+02  7.37999830e-01 
 3.49000000e+02  1.22605890e+00 
 3.50000000e+02  1.27423772e+00 
 3.51000000e+02  3.57335214e+00 
 3.52000000e+02  1.65836709e+00 
 3.53000000e+02  2.85595427e+00 
 3.54000000e+02  2.86223996e+00 
 3.55000000e+02  7.11462081e-01 
 3.56000000e+02  1.50306993e+00 
 3.57000000e+02  2.01596326e+00 
 3.58000000e+02  2.08471177e+00 
 3.59000000e+02 -3.47466090e-03 
 3.60000000e+02  8.42173955e-01 
 3.61000000e+02  1.55433561e+00 
 3.62000000e+02  2.65252007e-01 
 3.63000000e+02  6.28743818e-01 
 3.64000000e+02  6.81735569e-01 
 3.65000000e+02  1.91955170e+00 
 3.66000000e+02  2.74989374e+00 
 3.67000000e+02 -6.56421223e-01 
 3.68000000e+02  8.00008225e-02 
 3.69000000e+02  2.40071429e-01 
 3.70000000e+02  8.66557644e-01 
 3.71000000e+02  2.02584164e+00 
 3.72000000e+02  2.03835014e+00 
 3.73000000e+02  2.41273564e+00 
 3.74000000e+02 -1.40829613e+00 
 3.75000000e+02  3.21077883e+00 
 3.76000000e+02  2.96374760e-01 
 3.77000000e+02  2.06432076e+00 
 3.78000000e+02  5.94516138e+00 
 3.79000000e+02  5.90878691e+00 
 3.80000000e+02  3.30860676e+00 
 3.81000000e+02  1.57136868e+00 
 3.82000000e+02 -7.67552174e-01 
 3.83000000e+02  1.28002253e+00 
 3.84000000e+02  1.31692712e+00 
 3.85000000e+02  4.22967424e-01 
 3.86000000e+02  4.09547200e-01 
 3.87000000e+02  1.49730084e+00 
 3.88000000e+02  9.33165416e-01 
 3.89000000e+02 -4.79612412e-01 
 3.90000000e+02  3.24706792e+00 
 3.91000000e+02  1.37334518e-01 
 3.92000000e+02  2.25550069e-01 
 3.93000000e+02  5.57668505e-01 
 3.94000000e+02 -4.35360432e+00 
 3.95000000e+02 -1.94071958e+00 
 3.96000000e+02 -2.44634373e+00 
 3.97000000e+02 -4.28433882e+00 
 3.98000000e+02 -1.89722106e+00 
 3.99000000e+02 -4.28409037e-01 
 4.00000000e+02 -4.38829025e-01 
 4.01000000e+02 -3.04702742e+00 
 4.02000000e+02 -2.04863096e-01 
 4.03000000e+02  1.28462705e+00 
 4.04000000e+02  2.14172210e+00 
 4.05000000e+02  1.83370454e+00 
 4.06000000e+02  1.26084437e+00 
 4.07000000e+02  2.32700997e-01 
 4.08000000e+02  5.93743983e-01 
 4.09000000e+02  6.28673836e-01 
 4.10000000e+02  2.11414758e+00 
 4.11000000e+02  7.21103245e-01 
 4.12000000e+02  6.45475767e-01 
 4.13000000e+02  2.02338271e+00 
 4.14000000e+02  6.72747237e+00 
 4.15000000e+02  5.49263360e+00 
 4.16000000e+02  3.50534583e+00 
 4.17000000e+02  4.14925585e+00 
 4.18000000e+02  3.53381596e+00 
 4.19000000e+02  5.62163280e+00 
 4.20000000e+02  2.12981272e+00 
 4.21000000e+02  2.06861762e+00 
 4.22000000e+02  4.29163770e+00 
 4.23000000e+02  1.24288051e+00 
 4.24000000e+02  2.26982585e+00 
 4.25000000e+02  1.80591593e+00 
 4.26000000e+02 -6.86800587e-01 
 4.27000000e+02  1.23865411e+00 
 4.28000000e+02  2.17434930e+00 
 4.29000000e+02 -9.48520585e-01 
 4.30000000e+02  1.20866596e+00 
 4.31000000e+02  8.07974924e-01 
 4.32000000e+02  1.75896913e+00 
 4.33000000e+02  8.54456855e-01 
 4.34000000e+02  5.44978355e+00 
 4.35000000e+02  1.11829427e+01 
 4.36000000e+02  7.90744377e+00 
 4.37000000e+02  1.02979628e+01 
 4.38000000e+02  8.78241081e+00 
 4.39000000e+02  5.18388823e+00 
 4.40000000e+02  6.83365486e+00 
 4.41000000e+02  3.90041997e+00 
 4.42000000e+02 -7.74945693e-01 
 4.43000000e+02 -2.42191197e+00 
 4.44000000e+02 -2.95769138e-01 
 4.45000000e+02  2.22311147e+00 
 4.46000000e+02  6.98295169e-01 
 4.47000000e+02 -8.95158485e-01 
 4.48000000e+02 -5.09186961e+00 
 4.49000000e+02 -8.12141525e+00 
 4.50000000e+02 -1.30391916e+01 
 4.51000000e+02 -1.16803968e+01 
 4.52000000e+02 -1.26683781e+01 
 4.53000000e+02 -8.42463907e+00 
 4.54000000e+02 -3.73627932e+00 
 4.55000000e+02 -1.15721218e+00 
 4.56000000e+02  3.14579725e+00 
 4.57000000e+02 -3.28104022e+00 
 4.58000000e+02 -5.23130521e-01 
 4.59000000e+02  1.88922110e+00 
 4.60000000e+02  1.57349845e+00 
 4.61000000e+02 -2.59239538e-01 
 4.62000000e+02  1.63419915e+00 
 4.63000000e+02  1.63013642e+00 
 4.64000000e+02  3.90889019e+00 
 4.65000000e+02  5.12905945e+00 
 4.66000000e+02  1.73846317e+00 
 4.67000000e+02  8.04888935e+00 
 4.68000000e+02  9.13883747e+00 
 4.69000000e+02  9.16160019e+00 
 4.70000000e+02  6.76022591e+00 
 4.71000000e+02  1.23896861e+01 
 4.72000000e+02  1.13210999e+01 
 4.73000000e+02  1.25063132e+01 
 4.74000000e+02  9.81780794e+00 
 4.75000000e+02  1.02592993e+01 
 4.76000000e+02  1.19820536e+01 
 4.77000000e+02  9.58990880e+00 
 4.78000000e+02  9.47757959e+00 
 4.79000000e+02  4.16700272e+00 
 4.80000000e+02 -1.65169325e+00 
 4.81000000e+02  5.89912438e-01 
 4.82000000e+02  2.65182633e-02 
 4.83000000e+02  7.21754110e-01 
 4.84000000e+02 -6.66868892e-01 
 4.85000000e+02  3.66512025e-01 
 4.86000000e+02 -1.08309505e+00 
 4.87000000e+02  9.64069942e-01 
 4.88000000e+02  6.72133285e-01 
 4.89000000e+02  2.94926231e+00 
 4.90000000e+02  1.79308189e+00 
 4.91000000e+02  2.52069590e+00 
 4.92000000e+02  7.36257756e+00 
 4.93000000e+02  3.54781928e+00 
 4.94000000e+02 -1.87670064e+00 
 4.95000000e+02 -3.47628582e+00 
 4.96000000e+02  3.31589474e-01 
 4.97000000e+02 -3.02649841e+00 
 4.98000000e+02 -2.69742329e+00 
 4.99000000e+02  3.43003897e+00 
 5.00000000e+02 -1.20652802e+00 
 5.01000000e+02 -6.41107154e-01 
 5.02000000e+02  3.40038577e+00 
 5.03000000e+02  4.16739120e+00 
 5.04000000e+02  7.87767513e+00 
 5.05000000e+02  1.02656511e+01 
 5.06000000e+02  1.38305869e+01 
 5.07000000e+02  1.25332286e+01 
 5.08000000e+02  1.35640668e+01 
 5.09000000e+02  1.17489537e+01 
 5.10000000e+02  8.39349507e+00 
 5.11000000e+02  1.08644212e+01 
 5.12000000e+02  1.20208177e+01 
 5.13000000e+02  1.40426050e+01 
 5.14000000e+02  1.66409908e+01 
 5.15000000e+02  1.23020101e+01 
 5.16000000e+02  1.34867690e+01 
 5.17000000e+02  1.42386534e+01 
 5.18000000e+02  1.46085862e+01 
 5.19000000e+02  8.50020148e+00 
 5.20000000e+02  4.27190265e+00 
 5.21000000e+02  9.83316451e+00 
 5.22000000e+02  3.90270810e+00 
 5.23000000e+02  9.70575260e-01 
 5.24000000e+02  3.09541709e+00 
 5.25000000e+02 -1.12455709e-01 
 5.26000000e+02  2.05236750e+00 
 5.27000000e+02  2.05236750e+00 
 5.28000000e+02  1.11448321e+00 
 5.29000000e+02 -2.29359229e+00 
 5.30000000e+02 -3.04092478e+00 
 5.31000000e+02 -2.27410769e+00 
 5.32000000e+02 -6.16606070e+00 
 5.33000000e+02 -8.42316500e+00 
 5.34000000e+02 -7.21810547e+00 
 5.35000000e+02 -6.96120881e+00 
 5.36000000e+02 -4.36329692e+00 
 5.37000000e+02 -7.26655647e-01 
 5.38000000e+02 -6.80305699e-01 
 5.39000000e+02  1.54451604e-01 
 5.40000000e+02  1.13124822e+00 
 5.41000000e+02 -2.44758418e-02 
 5.42000000e+02 -2.61707788e-02 
 5.43000000e+02 -2.83695444e-01 
 5.44000000e+02  2.88909958e-01 
 5.45000000e+02  2.24625280e+00 
 5.46000000e+02 -7.60758225e-01 
 5.47000000e+02  1.51587348e+00 
 5.48000000e+02 -7.04467526e-01 
 5.49000000e+02  2.19291994e+00 
 5.50000000e+02 -1.32885629e+00 
 5.51000000e+02  2.51893268e+00 
 5.52000000e+02 -1.80771186e+00 
 5.53000000e+02 -3.52741250e+00 
 5.54000000e+02  2.18709546e+00 
 5.55000000e+02 -1.58720524e+00 
 5.56000000e+02  5.94245183e-01 
 5.57000000e+02  1.11686665e+00 
 5.58000000e+02  1.14632176e+00 
 5.59000000e+02  2.61309829e+00 
 5.60000000e+02 -3.99535037e-01 
 5.61000000e+02  5.38803905e-03 
 5.62000000e+02  4.42248998e-01 
 5.63000000e+02  1.86175514e-01 
 5.64000000e+02 -8.89216303e-01 
 5.65000000e+02  1.20111089e+00 
 5.66000000e+02  2.24425236e+00 
 5.67000000e+02  6.59978849e-01 
 5.68000000e+02 -6.15655988e-01 
 5.69000000e+02  1.14339272e+00 
 5.70000000e+02  3.63977955e-01 
 5.71000000e+02 -9.97510033e-01 
 5.72000000e+02 -1.74866455e+00 
 5.73000000e+02 -1.73240763e+00 
 5.74000000e+02  6.40586955e-01 
 5.75000000e+02  8.94744398e-01 
 5.76000000e+02  2.62135324e+00 
 5.77000000e+02  7.16344911e+00 
 5.78000000e+02  3.53356644e+00 
 5.79000000e+02  1.70488844e+00 
 5.80000000e+02  3.88090602e-01 
 5.81000000e+02 -1.79534867e+00 
 5.82000000e+02  3.52613467e-01 
 5.83000000e+02  2.02455464e+00 
 5.84000000e+02 -1.47517494e-01 
 5.85000000e+02  6.69170249e-01 
 5.86000000e+02  3.19670029e+00 
 5.87000000e+02  5.99878736e+00 
 5.88000000e+02 -4.12247413e+00 
 5.89000000e+02  1.42958259e+00 
 5.90000000e+02  3.85150939e-01 
 5.91000000e+02  5.28505083e-01 
 5.92000000e+02  5.98932576e-01 
 5.93000000e+02 -1.59249034e+00 
 5.94000000e+02 -2.60733488e+00 
 5.95000000e+02 -3.14080188e+00 
 5.96000000e+02 -3.92393685e+00 
 5.97000000e+02  4.10301009e-01 
 5.98000000e+02 -1.46275478e+00 
 5.99000000e+02 -3.34041016e+00 
 6.00000000e+02 -4.32142470e+00 
 6.01000000e+02 -1.52546759e-01 
 6.02000000e+02 -1.52546759e-01 
 6.03000000e+02 -5.96013035e+00 
 6.04000000e+02  9.92407942e-01 
 6.05000000e+02  1.44413499e+00 
 6.06000000e+02  1.23831132e+00 
 6.07000000e+02  2.84783608e+00 
 6.08000000e+02 -4.01270590e-01 
 6.09000000e+02  3.05865000e+00 
 6.10000000e+02  2.15022333e+00 
 6.11000000e+02  2.14575082e+00 
 6.12000000e+02  5.35308704e+00 
 6.13000000e+02 -1.01805854e+00 
 6.14000000e+02  1.34978495e+00 
 6.15000000e+02  6.23254511e+00 
 6.16000000e+02  6.23469762e+00 
 6.17000000e+02  2.52143256e-01 
 6.18000000e+02  8.12707316e-01 
 6.19000000e+02  2.55373152e+00 
 6.20000000e+02  8.16505440e-01 
 6.21000000e+02 -5.19672100e-01 
 6.22000000e+02 -5.10219116e+00 
 6.23000000e+02  3.68069078e+00 
 6.24000000e+02  3.64504235e+00 
 6.25000000e+02  3.04023726e-01 
 6.26000000e+02 -6.33221647e-01 
 6.27000000e+02  2.81073687e+00 
 6.28000000e+02  4.77806408e-01 
 6.29000000e+02  2.27326060e+00 
 6.30000000e+02  4.74836624e+00 
 6.31000000e+02  4.56945901e+00 
 6.32000000e+02  4.13635289e+00 
 6.33000000e+02  4.08512775e+00 
 6.34000000e+02  4.40934881e+00 
 6.35000000e+02  8.40882324e-01 
 6.36000000e+02 -2.10893830e-01 
 6.37000000e+02 -3.23996090e-02 
 6.38000000e+02 -1.61411189e+00 
 6.39000000e+02  6.86399911e-01 
 6.40000000e+02  1.96795005e-01 
 6.41000000e+02  1.34096275e+00 
 6.42000000e+02 -1.23412144e+00 
 6.43000000e+02 -1.20155694e+00 
 6.44000000e+02  1.69748157e+00 
 6.45000000e+02  8.41559348e-01 
 6.46000000e+02  6.41236560e-01 
 6.47000000e+02  1.44455937e+00 
 6.48000000e+02  1.44141527e+00 
 6.49000000e+02  1.20673557e+00 
 6.50000000e+02  1.97925139e-01 
 6.51000000e+02  1.71197247e+00 
 6.52000000e+02 -7.24307687e-01 
 6.53000000e+02  2.33400475e+00 
 6.54000000e+02  2.22266835e+00 
 6.55000000e+02 -5.29738729e-01 
 6.56000000e+02  2.47821865e+00 
 6.57000000e+02 -9.10738992e-02 
 6.58000000e+02  6.49934391e-01 
 6.59000000e+02 -3.88788876e+00 
 6.60000000e+02  1.17761452e+00 
 6.61000000e+02 -1.46127580e-01 
 6.62000000e+02  2.56598048e+00 
 6.63000000e+02  7.24590694e-01 
 6.64000000e+02 -7.68926594e-01 
 6.65000000e+02  1.71059501e+00 
 6.66000000e+02  3.65956339e+00 
 6.67000000e+02  3.66329676e+00 
 6.68000000e+02  7.82311986e-01 
 6.69000000e+02  1.93275301e+00 
 6.70000000e+02 -1.20947645e+00 
 6.71000000e+02  3.55618789e+00 
 6.72000000e+02 -2.76874986e+00 
 6.73000000e+02 -3.07847048e-01 
 6.74000000e+02  2.92516039e+00 
 6.75000000e+02 -1.23489608e+00 
 6.76000000e+02  2.55391184e+00 
 6.77000000e+02  3.48749841e+00 
 6.78000000e+02  3.09963366e+00 
 6.79000000e+02  1.50948397e-01 
 6.80000000e+02  1.33165023e+00 
 6.81000000e+02  1.32793925e+00 
 6.82000000e+02  2.80308069e+00 
 6.83000000e+02  2.59016897e-01 
 6.84000000e+02  1.46462642e+00 
 6.85000000e+02  2.17397599e+00 
 6.86000000e+02  4.24418989e+00 
 6.87000000e+02  2.67379665e-01 
 6.88000000e+02  2.67379665e-01 
 6.89000000e+02  2.31642613e+00 
 6.90000000e+02  1.28493578e+00 
 6.91000000e+02  2.51394572e-01 
 6.92000000e+02 -5.17636728e+00 
 6.93000000e+02 -4.17098603e+00 
 6.94000000e+02 -2.85603889e+00 
 6.95000000e+02 -4.49064771e+00 
 6.96000000e+02 -1.15848419e+00 
 6.97000000e+02 -3.00924802e-01 
 6.98000000e+02 -2.38128090e+00 
 6.99000000e+02  3.78455436e+00 
 7.00000000e+02  8.09034408e+00 
 7.01000000e+02  1.02093185e+00 
 7.02000000e+02  9.88936329e-01 
 7.03000000e+02 -3.00139053e+00 
 7.04000000e+02  3.88182089e+00 
 7.05000000e+02  1.42791837e+00 
 7.06000000e+02  1.19430073e+00 
 7.07000000e+02  5.22740268e+00 
 7.08000000e+02  2.71527810e+00 
 7.09000000e+02  4.29032511e+00 
 7.10000000e+02  8.35800408e+00 
 7.11000000e+02  1.27627624e+01 
 7.12000000e+02  7.94669959e+00 
 7.13000000e+02  7.65014045e+00 
 7.14000000e+02  6.20783852e+00 
 7.15000000e+02  9.97361965e+00 
 7.16000000e+02  1.11332989e+01 
 7.17000000e+02  5.22264222e+00 
 7.18000000e+02  1.51557126e+00 
 7.19000000e+02  1.32996383e+00 
 7.20000000e+02  5.24395478e+00 
 7.21000000e+02  3.19652530e+00 
 7.22000000e+02 -1.36971132e+00 
 7.23000000e+02 -1.45130675e+00 
 7.24000000e+02 -1.32594747e+00 
 7.25000000e+02  1.96895501e+00 
 7.26000000e+02 -2.33446077e+00 
 7.27000000e+02 -2.32379550e+00 
 7.28000000e+02 -1.55988968e+00 
 7.29000000e+02  2.49186641e-02 
 7.30000000e+02  5.85809412e+00 
 7.31000000e+02  7.35144320e+00 
 7.32000000e+02  9.92496631e+00 
 7.33000000e+02  5.46788759e+00 
 7.34000000e+02  2.28837618e+00 
 7.35000000e+02  1.58117624e+00 
 7.36000000e+02  2.43554637e+00 
 7.37000000e+02  8.23615168e+00 
 7.38000000e+02  8.24157789e+00 
 7.39000000e+02  6.69484120e+00 
 7.40000000e+02  5.97802413e+00 
 7.41000000e+02  8.62867517e+00 
 7.42000000e+02  1.21011631e+01 
 7.43000000e+02  2.72213465e+00 
 7.44000000e+02  6.79695198e+00 
 7.45000000e+02  1.98991828e+00 
 7.46000000e+02  3.08953857e+00 
 7.47000000e+02 -1.81458390e+00 
 7.48000000e+02  1.85048005e+00 
 7.49000000e+02 -8.60016489e-01 
 7.50000000e+02 -8.90732416e-01 
 7.51000000e+02 -3.70256546e-01 
 7.52000000e+02  2.51942954e+00 
 7.53000000e+02  8.54338264e+00 
 7.54000000e+02  7.84961664e+00 
 7.55000000e+02  1.17229688e+01 
 7.56000000e+02  7.23260512e+00 
 7.57000000e+02  9.32402188e+00 
 7.58000000e+02  7.94571149e+00 
 7.59000000e+02  7.33995684e+00 
 7.60000000e+02  8.05739152e+00 
 7.61000000e+02  8.06117743e+00 
 7.62000000e+02  3.75270515e+00 
 7.63000000e+02  1.82534679e+00 
 7.64000000e+02  4.71942843e+00 
 7.65000000e+02  2.26233961e+00 
 7.66000000e+02  3.32796840e+00 
 7.67000000e+02  4.75180722e+00 
 7.68000000e+02  8.23192968e+00 
 7.69000000e+02  9.02074005e+00 
 7.70000000e+02  9.95634010e+00 
 7.71000000e+02  1.07713813e+01 
 7.72000000e+02  4.64453005e+00 
 7.73000000e+02  1.38624787e+00 
 7.74000000e+02 -3.72103425e-02 
 7.75000000e+02  4.09184502e+00 
 7.76000000e+02  4.08373694e+00 
 7.77000000e+02  4.04770816e+00 
 7.78000000e+02  3.24603186e+00 
 7.79000000e+02  2.47906231e+00 
 7.80000000e+02  1.23945144e+00 
 7.81000000e+02 -1.69582543e+00 
 7.82000000e+02 -4.38732456e+00 
 7.83000000e+02  7.82055837e-01 
 7.84000000e+02 -5.48651827e-01 
 7.85000000e+02 -1.99687532e+00 
 7.86000000e+02 -9.53284133e-02 
 7.87000000e+02  2.01433877e+00 
 7.88000000e+02  3.06928405e+00 
 7.89000000e+02  9.19345303e-01 
 7.90000000e+02 -4.37726236e+00 
 7.91000000e+02  4.77407152e-01 
 7.92000000e+02  5.91473325e-02 
 7.93000000e+02 -3.43550605e+00 
 7.94000000e+02 -2.47045846e+00 
 7.95000000e+02 -4.91188980e+00 
 7.96000000e+02 -1.20826643e+00 
 7.97000000e+02 -1.20492292e+00 
 7.98000000e+02 -1.21902905e+00 
 7.99000000e+02 -4.94778095e-01 
 8.00000000e+02  2.59875458e+00 
 8.01000000e+02  3.16840138e+00 
 8.02000000e+02  2.23316813e+00 
 8.03000000e+02  2.13262820e+00 
 8.04000000e+02  9.66065907e-01 
 8.05000000e+02  1.32143258e+00 
 8.06000000e+02  1.11123477e+00 
 8.07000000e+02 -4.87936383e+00 
 8.08000000e+02 -4.85965554e+00 
 8.09000000e+02 -6.64238187e+00 
 8.10000000e+02 -8.61610304e+00 
 8.11000000e+02 -7.47070177e-01 
 8.12000000e+02  3.94776424e-01 
 8.13000000e+02 -6.14579959e-01 
 8.14000000e+02 -8.55272607e+00 
 8.15000000e+02 -6.94633123e+00 
 8.16000000e+02 -2.97292256e+00 
 8.17000000e+02  2.48888766e-01 
 8.18000000e+02  2.55984531e+00 
 8.19000000e+02  4.49345942e+00 
 8.20000000e+02  5.94358910e+00 
 8.21000000e+02  3.29304333e+00 
 8.22000000e+02  2.64966243e-01 
 8.23000000e+02 -7.29573216e-01 
 8.24000000e+02  5.14464327e-01 
 8.25000000e+02 -2.89190715e+00 
 8.26000000e+02 -4.84436520e+00 
 8.27000000e+02 -2.20792892e+00 
 8.28000000e+02  3.85909315e-02 
 8.29000000e+02  2.50631891e+00 
 8.30000000e+02  7.70614503e-01 
 8.31000000e+02  9.23664736e-01 
 8.32000000e+02  4.11464039e-01 
 8.33000000e+02 -2.60996823e+00 
 8.34000000e+02  3.12823011e-01 
 8.35000000e+02  6.86957894e-01 
 8.36000000e+02  8.79900102e-02 
 8.37000000e+02  1.64904289e+00 
 8.38000000e+02 -2.68776797e-01 
 8.39000000e+02  1.10211632e+00 
 8.40000000e+02  1.48712238e+00 
 8.41000000e+02 -1.65382786e-01 
 8.42000000e+02  3.84989661e+00 
 8.43000000e+02 -7.95783345e-02 
 8.44000000e+02  9.27600330e-01 
 8.45000000e+02 -1.55576678e+00 
 8.46000000e+02  4.06239925e+00 
 8.47000000e+02  4.39693236e+00 
 8.48000000e+02  5.70672301e+00 
 8.49000000e+02  1.83153175e+00 
 8.50000000e+02  1.72869741e+00 
 8.51000000e+02  1.01812321e+00 
 8.52000000e+02 -3.73233850e+00 
 8.53000000e+02  3.21196920e-01 
 8.54000000e+02  2.03902871e+00 
 8.55000000e+02  5.98136477e-02 
 8.56000000e+02 -2.26244391e+00 
 8.57000000e+02  1.44796173e+00 
 8.58000000e+02 -4.72324431e-01 
 8.59000000e+02  3.65661851e+00 
 8.60000000e+02  4.18581552e-01 
 8.61000000e+02  3.08521609e+00 
 8.62000000e+02 -1.99867389e+00 
 8.63000000e+02  1.75231334e-01 
 8.64000000e+02 -7.31208047e-01 
 8.65000000e+02  2.16288555e+00 
 8.66000000e+02  6.08010245e-01 
 8.67000000e+02 -2.17153554e+00 
 8.68000000e+02  1.24041026e+00 
 8.69000000e+02  4.94601032e+00 
 8.70000000e+02  6.84703893e+00 
 8.71000000e+02  7.62788642e+00 
 8.72000000e+02  1.12207915e+00 
 8.73000000e+02  1.01750566e+00 
 8.74000000e+02 -5.13179556e-01 
 8.75000000e+02  2.08270334e+00 
 8.76000000e+02  2.59079121e+00 
 8.77000000e+02  1.29563918e+00 
 8.78000000e+02  3.02887064e+00 
 8.79000000e+02 -9.75793774e-02 
 8.80000000e+02 -6.54253295e-01 
 8.81000000e+02  5.29582584e+00 
 8.82000000e+02  8.76770269e+00 
 8.83000000e+02  8.77565017e+00 
 8.84000000e+02  1.10993855e+01 
 8.85000000e+02  1.40689434e+01 
 8.86000000e+02  1.73603609e+01 
 8.87000000e+02  1.73583481e+01 
 8.88000000e+02  2.11168178e+01 
 8.89000000e+02  1.94729880e+01 
 8.90000000e+02  9.02580743e+00 
 8.91000000e+02  4.41785755e+00 
 8.92000000e+02  3.11992767e+00 
 8.93000000e+02  2.16941713e+00 
 8.94000000e+02  5.44373372e+00 
 8.95000000e+02  3.25177582e+00 
 8.96000000e+02 -2.15918437e+00 
 8.97000000e+02 -2.91914399e+00 
 8.98000000e+02 -5.90180935e+00 
 8.99000000e+02 -3.22179966e+00 
 9.00000000e+02  7.97770790e-01 
 9.01000000e+02 -1.51040417e+00 
 9.02000000e+02 -5.32705336e+00 
 9.03000000e+02 -3.21434255e+00 
 9.04000000e+02 -5.66412575e+00 
 9.05000000e+02  2.12945501e+00 
 9.06000000e+02  8.19093028e+00 
 9.07000000e+02  7.88674971e+00 
 9.08000000e+02  1.54590725e-02 
 9.09000000e+02  4.06990692e+00 
 9.10000000e+02 -1.19572340e+00 
 9.11000000e+02 -5.79021775e+00 
 9.12000000e+02 -4.73469004e+00 
 9.13000000e+02 -2.28314551e+00 
 9.14000000e+02 -2.65498605e+00 
 9.15000000e+02 -3.10497583e+00 
 9.16000000e+02 -3.06017884e+00 
 9.17000000e+02 -2.90399229e+00 
 9.18000000e+02 -8.58291283e-01 
 9.19000000e+02 -5.69489752e+00 
 9.20000000e+02 -3.23133662e+00 
 9.21000000e+02 -3.23133662e+00 
 9.22000000e+02 -2.60045874e+00 
 9.23000000e+02  4.52456714e-01 
 9.24000000e+02  4.03565540e-01 
 9.25000000e+02  6.30670138e+00 
 9.26000000e+02  1.13091383e+01 
 9.27000000e+02  1.47529610e+01 
 9.28000000e+02  1.49455245e+01 
 9.29000000e+02  1.77331994e+01 
 9.30000000e+02  1.77327013e+01 
 9.31000000e+02  1.06555300e+01 
 9.32000000e+02  5.85908651e+00 
 9.33000000e+02  6.24655564e+00 
 9.34000000e+02  6.24635060e+00 
 9.35000000e+02  6.25823883e+00 
 9.36000000e+02  4.12761293e+00 
 9.37000000e+02  4.65685466e+00 
 9.38000000e+02  4.89478726e-02 
 9.39000000e+02  1.94590245e+00 
 9.40000000e+02  1.95777203e+00 
 9.41000000e+02 -2.61517004e+00 
 9.42000000e+02 -1.22572229e+00 
 9.43000000e+02  1.28810160e+00 
 9.44000000e+02  1.21750254e+00 
 9.45000000e+02 -1.58064523e+00 
 9.46000000e+02 -3.24084177e+00 
 9.47000000e+02 -3.22126487e+00 
 9.48000000e+02  1.18339209e+00 
 9.49000000e+02  8.27437922e-01 
 9.50000000e+02  3.86403897e+00 
 9.51000000e+02  3.34561531e+00 
 9.52000000e+02  7.85168778e+00 
 9.53000000e+02  5.73692027e+00 
 9.54000000e+02  7.13117824e+00 
 9.55000000e+02  3.02821715e+00 
 9.56000000e+02  9.42898924e-01 
 9.57000000e+02 -2.70685542e+00 
 9.58000000e+02 -5.71743760e+00 
 9.59000000e+02 -2.47901483e+00 
 9.60000000e+02  1.15569417e+00 
 9.61000000e+02 -1.56863077e+00 
 9.62000000e+02  4.93835613e-01 
 9.63000000e+02  1.69270127e+00 
 9.64000000e+02  1.49581884e-01 
 9.65000000e+02  2.10210643e+00 
 9.66000000e+02 -1.59284711e+00 
 9.67000000e+02 -5.39145156e+00 
 9.68000000e+02 -4.83805910e+00 
 9.69000000e+02  8.36820004e-01 
 9.70000000e+02  2.77819822e+00 
 9.71000000e+02  2.42802574e+00 
 9.72000000e+02  2.79449279e-01 
 9.73000000e+02  3.22391323e+00 
 9.74000000e+02  3.42842810e+00 
 9.75000000e+02 -8.86238568e-01 
 9.76000000e+02  3.91006192e+00 
 9.77000000e+02  2.84905523e+00 
 9.78000000e+02 -6.43403370e-02 
 9.79000000e+02 -1.81106474e-01 
 9.80000000e+02  9.12718034e-01 
 9.81000000e+02  9.01348794e-01 
 9.82000000e+02  9.01328544e-01 
 9.83000000e+02  5.55522424e+00 
 9.84000000e+02  7.29747828e+00 
 9.85000000e+02  8.42871601e-01 
 9.86000000e+02 -7.32863788e-01 
 9.87000000e+02 -7.06934276e-01 
 9.88000000e+02  2.83516593e+00 
 9.89000000e+02  6.29527329e+00 
 9.90000000e+02  1.10300512e+00 
 9.91000000e+02  1.10300512e+00 
 9.92000000e+02 -1.02377419e+00 
 9.93000000e+02  2.01817755e+00 
 9.94000000e+02  1.86673188e+00 
 9.95000000e+02  9.79922820e+00 
 9.96000000e+02  3.11911518e+00 
 9.97000000e+02  1.16149667e+00 
 9.98000000e+02  1.75635592e+00 
 9.99000000e+02  1.80216002e+00 
 1.00000000e+03 -2.17955603e+00 
 1.00100000e+03 -2.14767898e+00 
 1.00200000e+03 -3.18316071e+00 
 1.00300000e+03 -4.97329845e+00 
 1.00400000e+03 -5.54788641e+00 
 1.00500000e+03 -5.41619853e+00 
 1.00600000e+03 -3.78489742e+00 
 1.00700000e+03 -3.29244841e+00 
 1.00800000e+03 -3.56726453e+00 
 1.00900000e+03 -3.42988124e+00 
 1.01000000e+03 -2.31438523e-01 
 1.01100000e+03  3.12571250e+00 
 1.01200000e+03  1.87474716e+00 
 1.01300000e+03  5.33394109e+00 
 1.01400000e+03  2.54822662e+00 
 1.01500000e+03 -4.42738946e+00 
 1.01600000e+03 -8.97812967e+00 
 1.01700000e+03 -1.05112461e+01 
 1.01800000e+03 -7.11327646e+00 
 1.01900000e+03 -4.64657062e+00 
 1.02000000e+03 -4.57738402e+00 
 1.02100000e+03 -6.96026119e+00 
 1.02200000e+03 -6.97261964e+00 
 1.02300000e+03 -2.10988850e+00 
 1.02400000e+03  2.85632564e-01 
 1.02500000e+03  1.41609487e+00 
 1.02600000e+03  9.42053751e-01 
 1.02700000e+03 -3.00656711e+00 
 1.02800000e+03 -2.98170776e+00 
 1.02900000e+03 -7.42580073e+00 
 1.03000000e+03 -1.02638402e+01 
 1.03100000e+03 -8.42016266e+00 
 1.03200000e+03 -1.70175615e+01 
 1.03300000e+03 -1.67204960e+01 
 1.03400000e+03 -1.85528090e+01 
 1.03500000e+03 -1.27040301e+01 
 1.03600000e+03 -1.41041900e+01 
 1.03700000e+03 -1.53131288e+01 
 1.03800000e+03 -1.75026770e+01 
 1.03900000e+03 -1.20586271e+01 
 1.04000000e+03 -1.36038865e+01 
 1.04100000e+03 -8.76548801e+00 
 1.04200000e+03 -7.63386568e+00 
 1.04300000e+03 -4.47302094e+00 
 1.04400000e+03 -2.53586774e+00 
 1.04500000e+03  3.56790250e+00 
 1.04600000e+03  4.11492451e+00 
 1.04700000e+03  2.42880411e+00 
 1.04800000e+03 -5.50285379e-01 
 1.04900000e+03 -2.32516406e+00 
 1.05000000e+03  1.53802145e+00 
 1.05100000e+03  1.53699617e+00 
 1.05200000e+03  4.69464981e-01 
 1.05300000e+03 -1.65657007e+00 
 1.05400000e+03  1.50347075e+00 
 1.05500000e+03  1.94447863e+00 
 1.05600000e+03  9.79721122e+00 
 1.05700000e+03  3.15345646e+00 
 1.05800000e+03  3.09839291e+00 
 1.05900000e+03  6.10663208e-01 
 1.06000000e+03  8.99171636e-01 
 1.06100000e+03  2.35023708e+00 
 1.06200000e+03  2.35680321e+00 
 1.06300000e+03  3.10736925e+00 
 1.06400000e+03 -1.17716159e+00 
 1.06500000e+03  5.09946870e+00 
 1.06600000e+03  1.50650338e+00 
 1.06700000e+03  2.68286622e+00 
 1.06800000e+03  6.22135501e+00 
 1.06900000e+03  4.78878501e+00 
 1.07000000e+03  2.98246972e+00 
 1.07100000e+03  2.99418038e+00 
 1.07200000e+03 -1.42348186e-01 
 1.07300000e+03  5.13752684e+00 
 1.07400000e+03  7.29321727e+00 
 1.07500000e+03  6.01428739e+00 
 1.07600000e+03  8.88048416e+00 
 1.07700000e+03  6.34359718e+00 
 1.07800000e+03  5.43680170e+00 
 1.07900000e+03  6.76988674e+00 
 1.08000000e+03  3.57810810e+00 
 1.08100000e+03  7.15346011e-01 
 1.08200000e+03  2.00694020e-01 
 1.08300000e+03 -8.03741177e-01 
 1.08400000e+03  2.15486158e+00 
 1.08500000e+03 -8.66154046e-01 
 1.08600000e+03  6.77032721e-01 
 1.08700000e+03  6.67013463e-01 
 1.08800000e+03  7.10725847e-01 
 1.08900000e+03  2.06607163e+00 
 1.09000000e+03  1.98825711e+00 
 1.09100000e+03  6.75532333e+00 
 1.09200000e+03  8.14963557e+00 
 1.09300000e+03  9.48014775e+00 
 1.09400000e+03  6.94540715e+00 
 1.09500000e+03  5.49898202e+00 
 1.09600000e+03  4.64648752e+00 
 1.09700000e+03  9.08113470e+00 
 1.09800000e+03  1.20374907e+01 
 1.09900000e+03  8.28182304e+00 
 1.10000000e+03  3.47458587e+00 
 1.10100000e+03  3.43562315e-01 
 1.10200000e+03 -3.84338350e+00 
 1.10300000e+03  1.27560818e+00 
 1.10400000e+03  1.62753516e+00 
 1.10500000e+03  1.00263102e+00 
 1.10600000e+03  4.79036248e-01 
 1.10700000e+03 -6.81151746e-01 
 1.10800000e+03  3.44736906e-01 
 1.10900000e+03  1.05819273e+00 
 1.11000000e+03  9.53215950e-01 
 1.11100000e+03  9.83151149e-01 
 1.11200000e+03  2.23728526e+00 
 1.11300000e+03 -9.54104660e-01 
 1.11400000e+03  2.02042705e+00 
 1.11500000e+03  2.21398890e+00 
 1.11600000e+03  7.75453333e-02 
 1.11700000e+03  1.08122473e+00 
 1.11800000e+03  1.00792958e+00 
 1.11900000e+03  5.12590797e-01 
 1.12000000e+03  1.85698561e+00 
 1.12100000e+03  1.79049880e-01 
 1.12200000e+03  8.57374321e-01 
 1.12300000e+03  6.68531764e-03 
 1.12400000e+03  4.16994313e-01 
 1.12500000e+03  7.29633118e-01 
 1.12600000e+03  1.04457359e+00 
 1.12700000e+03  1.11706653e+00 
 1.12800000e+03  1.05495939e+00 
 1.12900000e+03 -3.50913333e-01 
 1.13000000e+03  1.18924882e+00 
 1.13100000e+03 -2.13651684e-02 
 1.13200000e+03  7.59586368e-01 
 1.13300000e+03  1.12465204e+00 
 1.13400000e+03  1.34825812e+00 
 1.13500000e+03  3.09991062e-01 
 1.13600000e+03  2.15398896e+00 
 1.13700000e+03 -7.18895755e-01 
 1.13800000e+03  2.55510395e+00 
 1.13900000e+03 -8.88850321e-01 
 1.14000000e+03  1.12116380e+00 
 1.14100000e+03 -1.41930059e+00 
 1.14200000e+03  1.74062288e-01 
 1.14300000e+03  5.53818479e-01 
 1.14400000e+03  1.45081362e-01 
 1.14500000e+03  5.76830113e-01 
 1.14600000e+03  1.61156199e-01 
 1.14700000e+03  2.50145663e+00 
 1.14800000e+03  3.76659469e+00 
 1.14900000e+03 -8.91398363e-01 
 1.15000000e+03  6.82207318e-01 
 1.15100000e+03  4.31537056e+00 
 1.15200000e+03 -2.66077941e+00 
 1.15300000e+03 -1.71060472e+00 
 1.15400000e+03  2.11162064e-01 
 1.15500000e+03 -4.47427190e-01 
 1.15600000e+03  6.33079175e-01 
 1.15700000e+03  1.15635546e+00 
 1.15800000e+03  3.01301239e+00 
 1.15900000e+03 -1.52631711e+00 
 1.16000000e+03  2.98019983e+00 
 1.16100000e+03 -1.43191253e+00 
 1.16200000e+03  1.71655671e+00 
 1.16300000e+03 -5.68902990e-01 
 1.16400000e+03 -5.61965908e+00 
 1.16500000e+03  1.52572086e+00 
 1.16600000e+03  3.77310420e+00 
 1.16700000e+03 -1.26723322e-01 
 1.16800000e+03  1.85982296e+00 
 1.16900000e+03 -7.30469034e-01 
 1.17000000e+03  3.97079269e+00 
 1.17100000e+03 -1.63522683e+00 
 1.17200000e+03  2.51023281e+00 
 1.17300000e+03 -2.01289806e+00 
 1.17400000e+03  2.72175577e+00 
 1.17500000e+03  1.72931732e-02 
 1.17600000e+03  1.94589188e+00 
 1.17700000e+03 -7.58961540e-01 
 1.17800000e+03  2.69026672e+00 
 1.17900000e+03 -2.79329474e+00 
 1.18000000e+03  2.14582824e+00 
 1.18100000e+03  1.94982031e+00 
 1.18200000e+03  6.79562211e-01 
 1.18300000e+03  1.82377968e+00 
 1.18400000e+03  3.02309822e+00 
 1.18500000e+03  2.22391754e-02 
 1.18600000e+03  2.91524765e+00 
 1.18700000e+03  6.94042668e-02 
 1.18800000e+03 -4.88455365e-01 
 1.18900000e+03  1.00260180e+00 
 1.19000000e+03  1.71004858e+00 
 1.19100000e+03  5.77502899e-01 
 1.19200000e+03  1.83526607e-01 
 1.19300000e+03  1.03224679e+00 
 1.19400000e+03  2.26509661e+00 
 1.19500000e+03  7.21811854e+00 
 1.19600000e+03  6.47385148e+00 
 1.19700000e+03  8.99891491e+00 
 1.19800000e+03  1.03855136e+01 
 1.19900000e+03  6.87626491e+00 
 1.20000000e+03  1.15207379e+01 
 1.20100000e+03  7.99350624e+00 
 1.20200000e+03  2.15384176e+00 
 1.20300000e+03  3.75895830e+00 
 1.20400000e+03  2.56382425e+00 
 1.20500000e+03 -9.32407564e-01 
 1.20600000e+03 -2.20616918e-01 
 1.20700000e+03 -1.94210016e+00 
 1.20800000e+03 -2.46953049e+00 
 1.20900000e+03 -2.47853138e+00 
 1.21000000e+03 -2.72951415e+00 
 1.21100000e+03  2.29658562e+00 
 1.21200000e+03  1.99674059e+00 
 1.21300000e+03  3.08160277e-01 
 1.21400000e+03  4.07379322e-01 
 1.21500000e+03  3.17792701e+00 
 1.21600000e+03 -2.97577894e+00 
 1.21700000e+03  2.77806598e+00 
 1.21800000e+03  3.10868847e+00 
 1.21900000e+03  4.53733132e+00 
 1.22000000e+03 -8.71574984e-01 
 1.22100000e+03  1.95967129e-01 
 1.22200000e+03 -1.30580259e-01 
 1.22300000e+03  2.76828167e+00 
 1.22400000e+03  1.13431912e+00 
 1.22500000e+03  3.32530411e+00 
 1.22600000e+03  4.80589843e-01 
 1.22700000e+03  2.43156888e+00 
 1.22800000e+03 -8.26500964e-01 
 1.22900000e+03  1.10841559e-01 
 1.23000000e+03 -1.73753366e-01 
 1.23100000e+03  2.00552821e+00 
 1.23200000e+03 -3.20321020e+00 
 1.23300000e+03 -2.93608584e+00 
 1.23400000e+03  3.75412980e+00 
 1.23500000e+03 -1.03003637e+00 
 1.23600000e+03 -1.05831657e+00 
 1.23700000e+03  3.17848865e+00 
 1.23800000e+03  1.29996068e+00 
 1.23900000e+03  8.74537530e-01 
 1.24000000e+03  3.62405822e+00 
 1.24100000e+03 -1.60555118e+00 
 1.24200000e+03  3.23997689e+00 
 1.24300000e+03  2.13328544e-01 
 1.24400000e+03  5.99340118e-01 
 1.24500000e+03  8.55089779e-02 
 1.24600000e+03  8.95213510e-02 
 1.24700000e+03  7.21401152e-01 
 1.24800000e+03  3.34580377e-01 
 1.24900000e+03  3.26246118e+00 
 1.25000000e+03 -5.89051213e-01 
 1.25100000e+03 -2.12218112e+00 
 1.25200000e+03  1.39245955e+00 
 1.25300000e+03 -5.12810519e-01 
 1.25400000e+03 -4.64079161e-01 
 1.25500000e+03 -1.34828156e+00 
 1.25600000e+03  4.54808398e-01 
 1.25700000e+03  2.75651832e-02 
 1.25800000e+03  2.15354190e+00 
 1.25900000e+03  5.09925837e-01 
 1.26000000e+03 -2.14734800e-01 
 1.26100000e+03  1.97595874e+00 
 1.26200000e+03 -1.08634527e-01 
 1.26300000e+03  3.68207993e+00 
 1.26400000e+03  4.29121930e+00 
 1.26500000e+03  2.83111245e+00 
 1.26600000e+03 -5.18078128e-01 
 1.26700000e+03 -1.83679590e+00 
 1.26800000e+03 -1.52408256e+00 
 1.26900000e+03  6.84293232e+00 
 1.27000000e+03  8.71131741e+00 
 1.27100000e+03  3.72927158e+00 
 1.27200000e+03  3.61960613e+00 
 1.27300000e+03 -1.52370364e+00 
 1.27400000e+03  1.55153777e+00 
 1.27500000e+03  6.74646361e-02 
 1.27600000e+03  2.88488394e+00 
 1.27700000e+03 -5.93586851e-01 
 1.27800000e+03 -1.55036245e+00 
 1.27900000e+03  5.73371125e-01 
 1.28000000e+03  6.44692105e-01 
 1.28100000e+03 -2.09317871e-01 
 1.28200000e+03  1.67784548e+00 
 1.28300000e+03 -4.30574432e-01 
 1.28400000e+03 -4.19198288e-01 
 1.28500000e+03  1.59831958e+00 
 1.28600000e+03 -2.00744751e-01 
 1.28700000e+03  1.14804767e+00 
 1.28800000e+03  3.86966701e+00 
 1.28900000e+03  1.94886159e+00 
 1.29000000e+03 -2.29263306e-01 
 1.29100000e+03  7.70289189e-01 
 1.29200000e+03  9.59698492e-01 
 1.29300000e+03  2.66589649e+00 
 1.29400000e+03 -4.65690971e-01 
 1.29500000e+03 -1.85449344e+00 
 1.29600000e+03 -3.18594897e+00 
 1.29700000e+03  5.29831274e+00 
 1.29800000e+03  5.14486782e+00 
 1.29900000e+03  5.96231930e-02 
 1.30000000e+03 -2.39430733e+00 
 1.30100000e+03 -2.63014265e+00 
 1.30200000e+03 -1.62230238e-01 
 1.30300000e+03  5.14602652e-01 
 1.30400000e+03 -2.88536465e+00 
 1.30500000e+03 -7.61062514e+00 
 1.30600000e+03 -1.26098641e+01 
 1.30700000e+03 -4.42812709e+00 
 1.30800000e+03 -5.57491054e+00 
 1.30900000e+03 -1.17531307e+00 
 1.31000000e+03  2.75051127e+00 
 1.31100000e+03 -1.70630638e+00 
 1.31200000e+03 -6.92186019e-01 
 1.31300000e+03  1.90423962e+00 
 1.31400000e+03  3.88255005e+00 
 1.31500000e+03  2.05631420e+00 
 1.31600000e+03  2.05631420e+00 
 1.31700000e+03  4.80446458e+00 
 1.31800000e+03  1.17663199e+00 
 1.31900000e+03 -1.10065808e+00 
 1.32000000e+03  2.08119835e+00 
 1.32100000e+03 -8.84022610e-01 
 1.32200000e+03  6.90294522e+00 
 1.32300000e+03  7.20476864e-01 
 1.32400000e+03  1.43515790e+00 
 1.32500000e+03  1.44326359e+00 
 1.32600000e+03 -4.03536679e-02 
 1.32700000e+03 -2.99639749e-01 
 1.32800000e+03 -5.32834614e-01 
 1.32900000e+03 -3.19268232e-01 
 1.33000000e+03  1.02790610e+00 
 1.33100000e+03  2.43496469e+00 
 1.33200000e+03  5.16636352e+00 
 1.33300000e+03  5.04159468e+00 
 1.33400000e+03  6.45664643e+00 
 1.33500000e+03  2.81117432e+00 
 1.33600000e+03  2.16679824e-01 
 1.33700000e+03 -1.01424647e+00 
 1.33800000e+03 -1.02095472e-01 
 1.33900000e+03  1.73836725e+00 
 1.34000000e+03 -1.42374003e+00 
 1.34100000e+03  3.22274377e+00 
 1.34200000e+03 -1.42084775e+00 
 1.34300000e+03  2.08982876e+00 
 1.34400000e+03  1.58812170e+00 
 1.34500000e+03  2.36003302e+00 
 1.34600000e+03  2.46031960e-01 
 1.34700000e+03  1.58723532e+00 
 1.34800000e+03  6.81810933e-01 
 1.34900000e+03  4.44662536e-01 
 1.35000000e+03  1.30872721e+00 
 1.35100000e+03 -1.42753586e-01 
 1.35200000e+03  9.52971030e-01 
 1.35300000e+03 -3.03593961e+00 
 1.35400000e+03 -4.59224328e+00 
 1.35500000e+03 -3.78313108e-01 
 1.35600000e+03  2.38307262e+00 
 1.35700000e+03  2.35423604e+00 
 1.35800000e+03 -1.82419347e+00 
 1.35900000e+03 -2.05963162e+00 
 1.36000000e+03  1.38657403e+00 
 1.36100000e+03  1.97240287e+00 
 1.36200000e+03  1.30622838e+00 
 1.36300000e+03 -9.43036277e-01 
 1.36400000e+03  2.27226065e+00 
 1.36500000e+03  3.52957177e+00 
 1.36600000e+03  1.80048687e+00 
 1.36700000e+03  1.23920512e-01 
 1.36800000e+03  1.70175211e+00 
 1.36900000e+03 -6.23606937e-02 
 1.37000000e+03 -6.93994797e-01 
 1.37100000e+03 -5.13241134e-01 
 1.37200000e+03 -8.14778399e-01 
 1.37300000e+03  4.50563813e-01 
 1.37400000e+03  2.50619710e+00 
 1.37500000e+03  1.22827906e+00 
 1.37600000e+03  9.63760703e-01 
 1.37700000e+03 -2.71737675e+00 
 1.37800000e+03 -1.62051592e+00 
 1.37900000e+03  5.15001832e+00 
 1.38000000e+03  1.04243086e+01 
 1.38100000e+03  9.54718327e+00 
 1.38200000e+03  1.15801198e+01 
 1.38300000e+03  5.48379694e+00 
 1.38400000e+03  7.81599765e+00 
 1.38500000e+03  4.89111313e+00 
 1.38600000e+03  5.91280761e+00 
 1.38700000e+03  1.27457188e+00 
 1.38800000e+03 -6.41444506e-01 
 1.38900000e+03 -1.48888915e+00 
 1.39000000e+03 -4.47157824e+00 
 1.39100000e+03 -3.59653203e+00 
 1.39200000e+03 -1.04134697e+00 
 1.39300000e+03  6.59483279e-01 
 1.39400000e+03 -4.25870067e+00 
 1.39500000e+03 -1.04300815e-02 
 1.39600000e+03 -5.66901816e-01 
 1.39700000e+03  1.69339082e+00 
 1.39800000e+03  4.56663091e-01 
 1.39900000e+03  7.48816689e-01 
 1.40000000e+03  2.19959903e+00 
 1.40100000e+03 -7.83518760e-01 
 1.40200000e+03  1.99578457e+00 
 1.40300000e+03  1.17795457e+00 
 1.40400000e+03  1.71340019e+00 
 1.40500000e+03  6.39324324e-01 
 1.40600000e+03  1.05493259e+00 
 1.40700000e+03  7.26871416e-01 
 1.40800000e+03  7.24355257e-01 
 1.40900000e+03  1.83956110e+00 
 1.41000000e+03  1.21746812e-01 
 1.41100000e+03  1.23809595e+00 
 1.41200000e+03  1.20669140e+00 
 1.41300000e+03 -4.41048484e-01 
 1.41400000e+03 -4.24885473e-01 
 1.41500000e+03  2.07826777e+00 
 1.41600000e+03  5.50114098e-02 
 1.41700000e+03  9.73517320e-01 
 1.41800000e+03  7.29598020e-01 
 1.41900000e+03  6.62071588e-01 
 1.42000000e+03  4.13669207e-01 
 1.42100000e+03  7.08249625e-02 
 1.42200000e+03  1.43228856e+00 
 1.42300000e+03  5.19705430e-02 
 1.42400000e+03 -1.16305569e+00 
 1.42500000e+03 -4.64990303e-01 
 1.42600000e+03 -1.42803992e-02 
 1.42700000e+03 -1.43616972e+00 
 1.42800000e+03  1.61077332e+00 
 1.42900000e+03 -4.23756458e-01 
 1.43000000e+03  9.12821165e-01 
 1.43100000e+03  1.17178651e+00 
 1.43200000e+03  2.23142458e+00 
 1.43300000e+03 -1.41118303e+00 
 1.43400000e+03  1.10743259e+00 
 1.43500000e+03  1.04102306e+00 
 1.43600000e+03  9.34268355e-01 
 1.43700000e+03  3.58435086e-01 
 1.43800000e+03  1.31691514e+00 
 1.43900000e+03 -7.30045957e-02 
 1.44000000e+03  5.05656450e-01 
 1.44100000e+03  8.01388199e-01 
 1.44200000e+03  6.42087540e-02 
 1.44300000e+03  1.04246330e+00 
 1.44400000e+03  1.01634270e+00 
 1.44500000e+03  1.25959079e-01 
 1.44600000e+03 -4.40244725e-01 
 1.44700000e+03  2.31247224e+00 
 1.44800000e+03 -8.80751635e-01 
 1.44900000e+03  1.43229732e+00 
 1.45000000e+03  1.15327236e+00 
 1.45100000e+03 -1.23202665e+00 
 1.45200000e+03  4.02658105e+00 
 1.45300000e+03 -3.47709894e-01 
 1.45400000e+03 -3.42735060e-01 
 1.45500000e+03 -1.02690593e+00 
 1.45600000e+03  1.70529269e+00 
 1.45700000e+03  1.28388763e+00 
 1.45800000e+03 -1.58552063e+00 
 1.45900000e+03  5.18927336e+00 
 1.46000000e+03  2.24632098e+00 
 1.46100000e+03  1.33987699e+00 
 1.46200000e+03  4.64994718e-01 
 1.46300000e+03  4.12119157e+00 
 1.46400000e+03 -1.20047147e+00 
 1.46500000e+03  1.03186434e+00 
 1.46600000e+03  3.38420264e+00 
 1.46700000e+03 -2.26219835e-01 
 1.46800000e+03  1.12291601e+00 
 1.46900000e+03 -1.08757541e+00 
 1.47000000e+03  3.44972627e+00 
 1.47100000e+03 -1.48626318e+00 
 1.47200000e+03  3.10792568e+00 
 1.47300000e+03 -8.90959958e-01 
 1.47400000e+03  2.89725319e+00 
 1.47500000e+03  3.09814484e-01 
 1.47600000e+03  9.97159641e-01 
 1.47700000e+03  1.72577103e-01 
 1.47800000e+03  2.51330927e+00 
 1.47900000e+03 -5.36434224e-01 
 1.48000000e+03  3.57763009e-01 
 1.48100000e+03  5.38800359e-01 
 1.48200000e+03  1.45585027e+00 
 1.48300000e+03  1.63218078e+00 
 1.48400000e+03  2.16509888e+00 
 1.48500000e+03 -2.17539254e-01 
 1.48600000e+03 -3.95223436e-01 
 1.48700000e+03  1.46082410e+00 
 1.48800000e+03  3.78142730e-01 
 1.48900000e+03  1.81550023e-01 
 1.49000000e+03  3.10076766e-01 
 1.49100000e+03 -2.52567224e-02 
 1.49200000e+03  2.01654955e-01 
 1.49300000e+03  9.79349705e-01 
 1.49400000e+03  9.76626229e-01 
 1.49500000e+03  1.47519606e+00 
 1.49600000e+03  6.18988143e-01 
 1.49700000e+03  8.01082905e-01 
 1.49800000e+03  1.02994111e+00 
 1.49900000e+03  7.85999622e-01 
 1.50000000e+03  8.69386373e-02 
 1.50100000e+03  8.27613870e-01 
 1.50200000e+03  9.51499184e-01 
 1.50300000e+03 -4.37220102e-01 
 1.50400000e+03  2.65492833e+00 
 1.50500000e+03  1.56452126e-02 
 1.50600000e+03 -7.66085606e-01 
 1.50700000e+03  2.09971151e+00 
 1.50800000e+03 -1.09368010e-02 
 1.50900000e+03  4.13037844e-01 
 1.51000000e+03  1.44528350e+00 
 1.51100000e+03 -8.29107784e-01 
 1.51200000e+03  3.26081072e+00 
 1.51300000e+03 -5.55890008e-01 
 1.51400000e+03  3.66081587e-01 
 1.51500000e+03  9.56176753e-01 
 1.51600000e+03  1.83663820e-01 
 1.51700000e+03  1.31578442e+00 
 1.51800000e+03  9.51550826e-01 
 1.51900000e+03  7.66102985e-01 
 1.52000000e+03  8.00475882e-01 
 1.52100000e+03  1.45082293e+00 
 1.52200000e+03  2.60571891e+00 
 1.52300000e+03 -4.05183943e-01 
 1.52400000e+03  2.30432583e+00 
 1.52500000e+03  2.02485293e+00 
 1.52600000e+03 -1.15840365e+00 
 1.52700000e+03  1.69021192e+00 
 1.52800000e+03  1.02408156e+00 
 1.52900000e+03 -3.82949115e-01 
 1.53000000e+03  1.23225388e+00 
 1.53100000e+03  8.50653698e-01 
 1.53200000e+03  1.12620973e+00 
 1.53300000e+03 -4.21408784e-01 
 1.53400000e+03  2.78610795e+00 
 1.53500000e+03 -1.13500572e+00 
 1.53600000e+03  2.05656874e-01 
 1.53700000e+03  1.48197090e+00 
 1.53800000e+03  5.48225625e-01 
 1.53900000e+03  7.34407578e-01 
 1.54000000e+03  3.16755709e-01 
 1.54100000e+03  1.87615092e+00 
 1.54200000e+03  1.38858613e+00 
 1.54300000e+03  1.23477227e+00 
 1.54400000e+03 -2.33272078e-01 
 1.54500000e+03  9.81671861e-01 
 1.54600000e+03  9.93702474e-01 
 1.54700000e+03  6.11530313e-01 
 1.54800000e+03  6.64715653e-01 
 1.54900000e+03  5.87000409e-01 
 1.55000000e+03  1.55368150e-01 
 1.55100000e+03  1.81115413e+00 
 1.55200000e+03  4.33434386e-01 
 1.55300000e+03  1.91397917e+00 
 1.55400000e+03  3.25685438e-01 
 1.55500000e+03  7.92000704e-01 
 1.55600000e+03  2.24351673e-01 
 1.55700000e+03  5.12135005e-01 
 1.55800000e+03  1.11659173e+00 
 1.55900000e+03 -1.52167177e-01 
 1.56000000e+03  3.36911140e+00 
 1.56100000e+03  1.54565846e-01 
 1.56200000e+03  1.13009125e+00 
 1.56300000e+03  2.18622738e+00 
 1.56400000e+03 -1.57001500e+00 
 1.56500000e+03  1.73382368e+00 
 1.56600000e+03 -1.47138095e-01 
 1.56700000e+03  3.59666175e+00 
 1.56800000e+03  2.83381760e+00 
 1.56900000e+03 -5.42203152e-01 
 1.57000000e+03 -5.42203152e-01 
 1.57100000e+03 -5.45708347e-01 
 1.57200000e+03  2.54099812e+00 
 1.57300000e+03  2.97727758e+00 
 1.57400000e+03  8.66128362e+00 
 1.57500000e+03 -1.83770025e-01 
 1.57600000e+03 -5.30184363e-01 
 1.57700000e+03 -2.23440415e+00 
 1.57800000e+03 -3.29952205e+00 
 1.57900000e+03 -8.60105522e-01 
 1.58000000e+03 -3.83619395e+00 
 1.58100000e+03 -5.19553075e+00 
 1.58200000e+03 -2.73365584e-01 
 1.58300000e+03 -2.90917979e-01 
 1.58400000e+03 -5.79853211e+00 
 1.58500000e+03 -1.13579567e+01 
 1.58600000e+03 -1.03157312e+01 
 1.58700000e+03 -1.05685566e+01 
 1.58800000e+03 -1.07502047e+01 
 1.58900000e+03 -4.55850384e+00 
 1.59000000e+03 -4.68008794e+00 
 1.59100000e+03 -1.52289788e+00 
 1.59200000e+03 -1.12882307e+00 
 1.59300000e+03 -1.90590498e+00 
 1.59400000e+03 -1.89790268e+00 
 1.59500000e+03 -5.53223540e-01 
 1.59600000e+03 -1.58875959e+00 
 1.59700000e+03  2.36107762e+00 
 1.59800000e+03  9.41678985e-01 
 1.59900000e+03 -4.39328171e+00 
 1.60000000e+03 -6.04394984e+00 
 1.60100000e+03 -9.48494830e+00 
 1.60200000e+03 -8.26580000e+00 
 1.60300000e+03 -2.80447544e+00 
 1.60400000e+03  3.50776954e+00 
 1.60500000e+03  1.24243099e+00 
 1.60600000e+03 -1.16043534e+00 
 1.60700000e+03  2.80652343e+00 
 1.60800000e+03 -5.05412881e-01 
 1.60900000e+03  1.56242648e+00 
 1.61000000e+03 -1.53396926e+00 
 1.61100000e+03  1.30497487e+00 
 1.61200000e+03  3.87721138e-01 
 1.61300000e+03  1.04077341e+00 
 1.61400000e+03  1.05809495e+00 
 1.61500000e+03 -5.15467495e-02 
 1.61600000e+03 -2.85953035e-01 
 1.61700000e+03  9.33537252e-01 
 1.61800000e+03  2.84964286e-01 
 1.61900000e+03  2.30908438e-01 
 1.62000000e+03  1.38480277e+00 
 1.62100000e+03 -6.67791252e-01 
 1.62200000e+03  2.69793392e+00 
 1.62300000e+03 -1.27582033e+00 
 1.62400000e+03 -5.93141205e-01 
 1.62500000e+03  1.24768568e+00 
 1.62600000e+03  4.65583965e-01 
 1.62700000e+03  1.39276750e+00 
 1.62800000e+03  3.40999408e-01 
 1.62900000e+03  9.45010566e-01 
 1.63000000e+03  4.79354372e-01 
 1.63100000e+03  6.42745396e-01 
 1.63200000e+03  7.97698186e-01 
 1.63300000e+03  8.89778560e-01 
 1.63400000e+03  7.16501385e-01 
 1.63500000e+03  1.34563307e+00 
 1.63600000e+03  9.18639845e-01 
 1.63700000e+03  7.99086186e-01 
 1.63800000e+03  6.42643353e-01 
 1.63900000e+03  9.12109166e-01 
 1.64000000e+03  1.62461913e+00 
 1.64100000e+03 -7.55040774e-02 
 1.64200000e+03 -7.63698310e-01 
 1.64300000e+03  2.77938626e+00 
 1.64400000e+03  5.40492141e+00 
 1.64500000e+03  2.17360777e+00 
 1.64600000e+03  2.77233606e+00 
 1.64700000e+03  4.06654055e+00 
 1.64800000e+03  2.97851986e+00 
 1.64900000e+03  2.11028904e+00 
 1.65000000e+03 -1.59590160e-03 
 1.65100000e+03  4.19513660e+00 
 1.65200000e+03  3.80913611e-01 
 1.65300000e+03  7.20072473e-01 
 1.65400000e+03  1.53565324e+00 
 1.65500000e+03  1.71343163e+00 
 1.65600000e+03  6.41452527e-01 
 1.65700000e+03  7.99110028e-01 
 1.65800000e+03  8.43897227e-03 
 1.65900000e+03  2.05949843e+00 
 1.66000000e+03 -4.38641002e-01 
 1.66100000e+03  2.34699584e+00 
 1.66200000e+03 -4.02119379e-01 
 1.66300000e+03  2.14531556e+00 
 1.66400000e+03  2.73239251e-01 
 1.66500000e+03  4.28644586e-01 
 1.66600000e+03  1.04474260e+00 
 1.66700000e+03  3.35135922e-01 
 1.66800000e+03  2.14654203e+00 
 1.66900000e+03  4.03796408e-01 
 1.67000000e+03  2.82718078e-01 
 1.67100000e+03  1.19803209e+00 
 1.67200000e+03  4.76942270e-01 
 1.67300000e+03  1.87071741e+00 
 1.67400000e+03 -9.03977174e-01 
 1.67500000e+03  1.28951361e+00 
 1.67600000e+03  2.48395291e+00 
 1.67700000e+03  1.07610277e+00 
 1.67800000e+03  1.52948365e+00 
 1.67900000e+03  5.07001432e+00 
 1.68000000e+03 -3.89174039e-02 
 1.68100000e+03  1.37938245e+00 
 1.68200000e+03  1.44599561e+00 
 1.68300000e+03  1.56309740e+00 
 1.68400000e+03  2.59988237e+00 
 1.68500000e+03 -1.94342741e+00 
 1.68600000e+03 -2.58133173e+00 
 1.68700000e+03 -5.59773440e-01 
 1.68800000e+03 -1.32635823e+00 
 1.68900000e+03  6.84750161e-01 
 1.69000000e+03  2.19956074e+00 
 1.69100000e+03  4.16763455e+00 
 1.69200000e+03 -1.26097498e+00 
 1.69300000e+03 -4.95056292e+00 
 1.69400000e+03 -4.95809528e+00 
 1.69500000e+03 -1.30927152e+00 
 1.69600000e+03 -4.08051777e+00 
 1.69700000e+03 -9.43681280e-02 
 1.69800000e+03 -9.15772777e-02 
 1.69900000e+03 -7.04010190e-01 
 1.70000000e+03 -8.01857182e-01 
 1.70100000e+03 -2.34897062e+00 
 1.70200000e+03  1.71965766e+00 
 1.70300000e+03 -1.90872847e+00 
 1.70400000e+03  2.59895998e+00 
 1.70500000e+03 -2.27460016e-01 
 1.70600000e+03  1.77272399e+00 
 1.70700000e+03 -9.71625084e-01 
 1.70800000e+03  1.50983865e+00 
 1.70900000e+03  1.73464621e-01 
 1.71000000e+03  1.46007553e+00 
 1.71100000e+03  5.10522839e-01 
 1.71200000e+03  1.13282994e-01 
 1.71300000e+03  3.96592557e+00 
 1.71400000e+03  7.97815208e-01 
 1.71500000e+03  4.63827509e-01 
 1.71600000e+03  1.67247135e+00 
 1.71700000e+03  1.20920992e+00 
 1.71800000e+03  1.22600977e+00 
 1.71900000e+03 -2.37602989e-01 
 1.72000000e+03  8.67032121e-01 
 1.72100000e+03  5.00945432e-01 
 1.72200000e+03  1.14104894e+00 
 1.72300000e+03  7.23281560e-01 
 1.72400000e+03  1.86534216e-01 
 1.72500000e+03 -3.63164481e-01 
 1.72600000e+03  9.52268611e-01 
 1.72700000e+03  7.59624181e-01 
 1.72800000e+03  6.24456230e-01 
 1.72900000e+03  9.42368508e-01 
 1.73000000e+03  1.40694503e+00 
 1.73100000e+03  2.38661745e-01 
 1.73200000e+03  8.02729013e-01 
 1.73300000e+03  3.94345162e-01 
 1.73400000e+03 -7.66784297e-02 
 1.73500000e+03  1.09833827e+00 
 1.73600000e+03 -1.40860469e+00 
 1.73700000e+03  1.00309862e+00 
 1.73800000e+03  4.93453620e-01 
 1.73900000e+03  2.21199760e+00 
 1.74000000e+03 -1.60547439e+00 
 1.74100000e+03  1.51111738e+00 
 1.74200000e+03 -4.55903074e-02 
 1.74300000e+03 -8.27259353e-01 
 1.74400000e+03 -2.17533889e-01 
 1.74500000e+03  7.98414642e-01 
 1.74600000e+03 -9.17899840e-01 
 1.74700000e+03  5.26379798e+00 
 1.74800000e+03  5.13995010e+00 
 1.74900000e+03  7.15714537e+00 
 1.75000000e+03 -7.11622046e-01 
 1.75100000e+03 -7.11622046e-01 
 1.75200000e+03  2.18997761e+00 
 1.75300000e+03 -1.82922243e+00 
 1.75400000e+03  4.00645229e+00 
 1.75500000e+03  5.90188282e-01 
 1.75600000e+03  3.26933855e+00 
 1.75700000e+03  6.10567221e-01 
 1.75800000e+03  2.29570248e+00 
 1.75900000e+03  3.12040190e+00 
 1.76000000e+03  2.48389810e+00 
 1.76100000e+03  4.78283783e+00 
 1.76200000e+03 -2.67661406e+00 
 1.76300000e+03  1.45291697e+00 
 1.76400000e+03  7.16749775e-01 
 1.76500000e+03  3.78614019e-01 
 1.76600000e+03 -4.66152250e+00 
 1.76700000e+03 -6.93947024e-01 
 1.76800000e+03 -4.14109979e+00 
 1.76900000e+03  1.28605569e+00 
 1.77000000e+03  2.91631316e+00 
 1.77100000e+03  1.27263374e+00 
 1.77200000e+03 -1.53909873e-01 
 1.77300000e+03  2.39922370e+00 
 1.77400000e+03  1.44781484e+00 
 1.77500000e+03  1.44022051e+00 
 1.77600000e+03  4.88590319e-01 
 1.77700000e+03  3.53112929e+00 
 1.77800000e+03  1.36030683e+00 
 1.77900000e+03  7.10488932e+00 
 1.78000000e+03  4.07319559e+00 
 1.78100000e+03  6.54025172e+00 
 1.78200000e+03  8.45486664e+00 
 1.78300000e+03  7.82130935e+00 
 1.78400000e+03  5.15946334e+00 
 1.78500000e+03  1.94764993e+00 
 1.78600000e+03 -1.21510054e+00 
 1.78700000e+03 -1.34207274e+00 
 1.78800000e+03 -4.69776110e+00 
 1.78900000e+03 -4.77170368e+00 
 1.79000000e+03 -6.28753326e+00 
 1.79100000e+03 -4.78381194e+00 
 1.79200000e+03 -6.60321440e+00 
 1.79300000e+03 -2.93753110e+00 
 1.79400000e+03  2.15000195e+00 
 1.79500000e+03  6.55283442e+00 
 1.79600000e+03  1.07490686e+01 
 1.79700000e+03  9.71495589e+00 
 1.79800000e+03  9.23146056e+00 
 1.79900000e+03  1.04154606e+01 
 1.80000000e+03  9.93873488e+00 
 1.80100000e+03  1.09925164e+01 
 1.80200000e+03  7.41793473e+00 
 1.80300000e+03  7.85072671e+00 
 1.80400000e+03 -8.31667232e-01 
 1.80500000e+03  4.50099198e+00 
 1.80600000e+03 -3.91683256e+00 
 1.80700000e+03 -1.43494231e+00 
 1.80800000e+03  1.43956587e+00 
 1.80900000e+03 -9.17982088e-01 
 1.81000000e+03 -2.46113469e+00 
 1.81100000e+03 -1.71496288e+00 
 1.81200000e+03 -1.04516125e+00 
 1.81300000e+03 -1.04516125e+00 
 1.81400000e+03 -2.16649861e+00 
 1.81500000e+03  1.14510692e+00 
 1.81600000e+03  1.08601965e-01 
 1.81700000e+03  9.53253494e+00 
 1.81800000e+03  1.09760470e+01 
 1.81900000e+03  9.13837026e+00 
 1.82000000e+03  7.92699044e+00 
 1.82100000e+03  7.92046982e+00 
 1.82200000e+03  7.92046982e+00 
 1.82300000e+03  2.27545421e+00 
 1.82400000e+03  3.98677261e+00 
 1.82500000e+03  2.55631654e+00 
 1.82600000e+03  5.21155233e+00 
 1.82700000e+03  1.96163511e+00 
 1.82800000e+03 -1.60020663e+00 
 1.82900000e+03  1.99052108e+00 
 1.83000000e+03 -2.81092680e+00 
 1.83100000e+03 -3.77785466e-01 
 1.83200000e+03 -3.77765742e-01 
 1.83300000e+03 -6.40640675e-02 
 1.83400000e+03 -7.50390995e-02 
 1.83500000e+03  1.58289787e+00 
 1.83600000e+03  4.06153127e+00 
 1.83700000e+03 -1.88051354e+00 
 1.83800000e+03 -3.92682928e+00 
 1.83900000e+03  1.20580014e+00 
 1.84000000e+03 -1.62357852e+00 
 1.84100000e+03 -1.15888907e+00 
 1.84200000e+03  2.18620151e-01 
 1.84300000e+03  3.67351483e-01 
 1.84400000e+03 -1.01681528e+00 
 1.84500000e+03 -1.64429908e-01 
 1.84600000e+03  3.22438226e+00 
 1.84700000e+03  3.10254718e+00 
 1.84800000e+03 -1.30415844e+00 
 1.84900000e+03  9.29551375e-01 
 1.85000000e+03  9.36378678e-01 
 1.85100000e+03 -9.80291718e-01 
 1.85200000e+03 -5.92767696e-01 
 1.85300000e+03 -1.40013778e-01 
 1.85400000e+03  2.85778691e-01 
 1.85500000e+03 -1.08322887e+00 
 1.85600000e+03  1.79870827e+00 
 1.85700000e+03  2.83757749e+00 
 1.85800000e+03 -5.62548320e-02 
 1.85900000e+03  2.39920427e+00 
 1.86000000e+03 -6.38823007e-01 
 1.86100000e+03  3.24663632e+00 
 1.86200000e+03 -8.29078846e-01 
 1.86300000e+03 -9.88294255e-01 
 1.86400000e+03  2.43925958e+00 
 1.86500000e+03  2.86926270e+00 
 1.86600000e+03  1.33122473e-03 
 1.86700000e+03  2.41696930e+00 
 1.86800000e+03  2.18120330e+00 
 1.86900000e+03  1.68136612e+00 
 1.87000000e+03  4.69574102e-01 
 1.87100000e+03  1.60598715e+00 
 1.87200000e+03  1.67356383e+00 
 1.87300000e+03  1.39855494e-01 
 1.87400000e+03  1.38840571e-01 
 1.87500000e+03  3.19989867e+00 
 1.87600000e+03  1.30614936e+00 
 1.87700000e+03 -8.32183304e-01 
 1.87800000e+03  1.29905485e+00 
 1.87900000e+03  6.50465692e-01 
 1.88000000e+03  1.55856838e+00 
 1.88100000e+03 -2.91308368e-01 
 1.88200000e+03  2.24198093e-01 
 1.88300000e+03 -2.44898293e-01 
 1.88400000e+03  9.85248002e-01 
 1.88500000e+03  4.63520288e-01 
 1.88600000e+03 -2.27600384e-01 
 1.88700000e+03  2.56024101e+00 
 1.88800000e+03  1.78477224e+00 
 1.88900000e+03  1.64052780e+00 
 1.89000000e+03 -2.35234607e+00 
 1.89100000e+03 -5.94438916e+00 
 1.89200000e+03 -2.46710181e+00 
 1.89300000e+03 -1.39326593e+00 
 1.89400000e+03  5.46664579e+00 
 1.89500000e+03  3.20358552e-01 
 1.89600000e+03  3.54418404e+00 
 1.89700000e+03 -1.02750388e+00 
 1.89800000e+03  6.98873811e-01 
 1.89900000e+03  4.31234759e-01 
 1.90000000e+03  9.39595476e-01 
 1.90100000e+03  1.99084493e+00 
 1.90200000e+03 -5.18645231e-01 
 1.90300000e+03 -6.13932304e-01 
 1.90400000e+03  2.26260692e+00 
 1.90500000e+03  3.55790432e+00 
 1.90600000e+03  6.22056073e+00 
 1.90700000e+03 -6.31207102e-02 
 1.90800000e+03  1.04331325e+00 
 1.90900000e+03  9.75091829e-01 
 1.91000000e+03  9.78380542e-01 
 1.91100000e+03 -1.20092610e+00 
 1.91200000e+03  6.24707853e-01 
 1.91300000e+03 -2.07149180e+00 
 1.91400000e+03  5.10528635e-01 
 1.91500000e+03 -2.40389678e+00 
 1.91600000e+03 -2.38705437e+00 
 1.91700000e+03  1.02619331e+00 
 1.91800000e+03  1.47842838e+00 
 1.91900000e+03 -1.59535577e+00 
 1.92000000e+03  1.37229598e+00 
 1.92100000e+03  3.52522383e+00 
 1.92200000e+03 -6.09227149e-01 
 1.92300000e+03 -1.44698082e+00 
 1.92400000e+03  7.21207778e-02 
 1.92500000e+03  4.83511421e-01 
 1.92600000e+03  3.10998985e-01 
 1.92700000e+03  9.04458856e-01 
 1.92800000e+03  5.18002966e+00 
 1.92900000e+03  2.72616999e+00 
 1.93000000e+03  5.12212095e-01 
 1.93100000e+03  6.63673219e-01 
 1.93200000e+03  2.80376576e+00 
 1.93300000e+03  1.06549006e+00 
 1.93400000e+03  2.30752908e-01 
 1.93500000e+03  1.86781595e+00 
 1.93600000e+03  3.07130274e+00 
 1.93700000e+03  1.77708131e-01 
 1.93800000e+03  2.75651415e+00 
 1.93900000e+03 -1.33024621e+00 
 1.94000000e+03  1.16375095e+00 
 1.94100000e+03  2.19629550e-01 
 1.94200000e+03  1.01468474e+00 
 1.94300000e+03  1.29843217e+00 
 1.94400000e+03 -5.59760559e-01 
 1.94500000e+03  2.79605587e+00 
 1.94600000e+03 -5.25621089e-01 
 1.94700000e+03  1.09094361e+00 
 1.94800000e+03  1.33279852e+00 
 1.94900000e+03  1.88772387e+00 
 1.95000000e+03 -9.57460010e-01 
 1.95100000e+03  1.82105588e+00 
 1.95200000e+03  5.94555249e-02 
 1.95300000e+03  1.35030953e+00 
 1.95400000e+03 -1.63155596e+00 
 1.95500000e+03  2.16957935e+00 
 1.95600000e+03  2.16979296e+00 
 1.95700000e+03 -2.11709545e-01 
 1.95800000e+03  1.10317135e+00 
 1.95900000e+03  5.11070680e-01 
 1.96000000e+03  6.91685633e-01 
 1.96100000e+03  5.09060099e-01 
 1.96200000e+03  1.77038056e+00 
 1.96300000e+03  5.41594687e-01 
 1.96400000e+03  2.05994979e+00 
 1.96500000e+03 -1.50359783e+00 
 1.96600000e+03  2.10829142e+00 
 1.96700000e+03  7.86507579e-01 
 1.96800000e+03  1.76296825e+00 
 1.96900000e+03  3.33541034e+00 
 1.97000000e+03 -6.58855441e-01 
 1.97100000e+03  8.86322017e-01 
 1.97200000e+03  2.93761030e+00 
 1.97300000e+03 -1.86434490e-01 
 1.97400000e+03  2.18920746e+00 
 1.97500000e+03  2.42969258e+00 
 1.97600000e+03 -4.25936688e-01 
 1.97700000e+03  2.10731481e+00 
 1.97800000e+03  7.38705670e-01 
 1.97900000e+03  1.10398134e+00 
 1.98000000e+03  8.88021695e-01 
 1.98100000e+03  5.50347806e-01 
 1.98200000e+03  9.90385049e-01 
 1.98300000e+03 -2.06072364e+00 
 1.98400000e+03  3.28426682e+00 
 1.98500000e+03 -2.56385412e+00 
 1.98600000e+03  6.63177055e-01 
 1.98700000e+03  1.58770280e+00 
 1.98800000e+03  2.13635018e+00 
 1.98900000e+03  4.51228020e+00 
 1.99000000e+03  6.95794757e+00 
 1.99100000e+03  1.36456517e+00 
 1.99200000e+03 -4.80285440e+00 
 1.99300000e+03 -1.60677957e+00 
 1.99400000e+03 -1.37573648e+00 
 1.99500000e+03 -4.00012473e+00 
 1.99600000e+03  5.83087884e-01 
 1.99700000e+03  6.08316734e-01 
 1.99800000e+03  2.46182716e+00 
 1.99900000e+03  1.10883116e+00 
 2.00000000e+03  1.80674964e+00 
