 1.00000000e+00  5.00000000e-01 
 2.00000000e+00  1.08642466e+00 
 3.00000000e+00  1.54722496e+00 
 4.00000000e+00  1.36392372e+00 
 5.00000000e+00  1.04701581e+00 
 6.00000000e+00  1.23322328e+00 
 7.00000000e+00  1.49467724e+00 
 8.00000000e+00  1.52269824e+00 
 9.00000000e+00  1.47573497e+00 
 1.00000000e+01  1.79272530e+00 
 1.10000000e+01  1.93814419e+00 
 1.20000000e+01  1.26716291e+00 
 1.30000000e+01  1.63406360e+00 
 1.40000000e+01  1.76366765e+00 
 1.50000000e+01  1.60158891e+00 
 1.60000000e+01  1.17358208e+00 
 1.70000000e+01  2.13500910e+00 
 1.80000000e+01  2.21770518e+00 
 1.90000000e+01  2.02729912e+00 
 2.00000000e+01  2.00014703e+00 
 2.10000000e+01  1.80700629e+00 
 2.20000000e+01  1.51534270e+00 
 2.30000000e+01  1.71514593e+00 
 2.40000000e+01  1.67938481e+00 
 2.50000000e+01  2.80434996e+00 
 2.60000000e+01  1.89923300e+00 
 2.70000000e+01  2.36606255e+00 
 2.80000000e+01  2.53921991e+00 
 2.90000000e+01  2.07341677e+00 
 3.00000000e+01  2.01294263e+00 
 3.10000000e+01  3.00544107e+00 
 3.20000000e+01  2.81854930e+00 
 3.30000000e+01  3.99797583e+00 
 3.40000000e+01  3.02244774e+00 
 3.50000000e+01  3.59202486e+00 
 3.60000000e+01  4.58180008e+00 
 3.70000000e+01  4.78847675e+00 
 3.80000000e+01  2.89387616e+00 
 3.90000000e+01  2.50387473e+00 
 4.00000000e+01  2.72822164e+00 
 4.10000000e+01  1.49587365e+00 
 4.20000000e+01  1.67460241e+00 
 4.30000000e+01  1.86989520e+00 
 4.40000000e+01  1.29317380e+00 
 4.50000000e+01  1.27779710e+00 
 4.60000000e+01  1.33140745e+00 
 4.70000000e+01  1.32784114e+00 
 4.80000000e+01  1.47141437e+00 
 4.90000000e+01  1.26509500e+00 
 5.00000000e+01  1.63418348e+00 
 5.10000000e+01  1.95603128e+00 
 5.20000000e+01  2.40097866e+00 
 5.30000000e+01  2.39795353e+00 
 5.40000000e+01  2.78071648e+00 
 5.50000000e+01  2.27374382e+00 
 5.60000000e+01  3.68723707e+00 
 5.70000000e+01  3.01216144e+00 
 5.80000000e+01  2.94529424e+00 
 5.90000000e+01  4.43670468e+00 
 6.00000000e+01  5.74140349e+00 
 6.10000000e+01  6.89393163e+00 
 6.20000000e+01  6.43347985e+00 
 6.30000000e+01  4.86060524e+00 
 6.40000000e+01  3.99582353e+00 
 6.50000000e+01  2.70073470e+00 
 6.60000000e+01  2.59052386e+00 
 6.70000000e+01  2.74305382e+00 
 6.80000000e+01  2.87208804e+00 
 6.90000000e+01  1.83037041e+00 
 7.00000000e+01  1.70865674e+00 
 7.10000000e+01  1.97096155e+00 
 7.20000000e+01  2.97475611e+00 
 7.30000000e+01  2.04402629e+00 
 7.40000000e+01  1.67675771e+00 
 7.50000000e+01  1.57964790e+00 
 7.60000000e+01  1.74783979e+00 
 7.70000000e+01  1.40559569e+00 
 7.80000000e+01  1.89593643e+00 
 7.90000000e+01  2.96662739e+00 
 8.00000000e+01  2.24693225e+00 
 8.10000000e+01  1.48888845e+00 
 8.20000000e+01  1.78672885e+00 
 8.30000000e+01  2.09380959e+00 
 8.40000000e+01  2.19527758e+00 
 8.50000000e+01  2.45518234e+00 
 8.60000000e+01  3.16349321e+00 
 8.70000000e+01  2.31233223e+00 
 8.80000000e+01  2.77845921e+00 
 8.90000000e+01  2.33654818e+00 
 9.00000000e+01  2.32209681e+00 
 9.10000000e+01  2.88222041e+00 
 9.20000000e+01  2.35305955e+00 
 9.30000000e+01  2.96116701e+00 
 9.40000000e+01  3.27131729e+00 
 9.50000000e+01  3.00808263e+00 
 9.60000000e+01  3.53098980e+00 
 9.70000000e+01  3.03681115e+00 
 9.80000000e+01  3.02963926e+00 
 9.90000000e+01  2.38646478e+00 
 1.00000000e+02  2.12453612e+00 
 1.01000000e+02  2.47667565e+00 
 1.02000000e+02  3.33329588e+00 
 1.03000000e+02  3.82741065e+00 
 1.04000000e+02  2.76529242e+00 
 1.05000000e+02  3.11909911e+00 
 1.06000000e+02  4.03396097e+00 
 1.07000000e+02  3.16364951e+00 
 1.08000000e+02  3.28871959e+00 
 1.09000000e+02  3.20567984e+00 
 1.10000000e+02  2.77305297e+00 
 1.11000000e+02  2.69044987e+00 
 1.12000000e+02  1.85445730e+00 
 1.13000000e+02  1.85359154e+00 
 1.14000000e+02  1.54239626e+00 
 1.15000000e+02  1.95990347e+00 
 1.16000000e+02  1.62595767e+00 
 1.17000000e+02  3.13863621e+00 
 1.18000000e+02  2.44436148e+00 
 1.19000000e+02  1.97373335e+00 
 1.20000000e+02  2.63579539e+00 
 1.21000000e+02  2.35750366e+00 
 1.22000000e+02  2.39656088e+00 
 1.23000000e+02  2.52189371e+00 
 1.24000000e+02  2.05637463e+00 
 1.25000000e+02  2.80184542e+00 
 1.26000000e+02  2.14382895e+00 
 1.27000000e+02  2.48604387e+00 
 1.28000000e+02  2.20374944e+00 
 1.29000000e+02  2.63471850e+00 
 1.30000000e+02  2.32039353e+00 
 1.31000000e+02  2.98439812e+00 
 1.32000000e+02  2.28509115e+00 
 1.33000000e+02  1.90983614e+00 
 1.34000000e+02  1.75946725e+00 
 1.35000000e+02  1.94693873e+00 
 1.36000000e+02  2.74245078e+00 
 1.37000000e+02  1.85312333e+00 
 1.38000000e+02  1.77449899e+00 
 1.39000000e+02  2.09165254e+00 
 1.40000000e+02  2.65550787e+00 
 1.41000000e+02  3.73325668e+00 
 1.42000000e+02  2.58822533e+00 
 1.43000000e+02  3.32327056e+00 
 1.44000000e+02  3.76738114e+00 
 1.45000000e+02  3.59169168e+00 
 1.46000000e+02  2.86899281e+00 
 1.47000000e+02  2.88924143e+00 
 1.48000000e+02  1.73790696e+00 
 1.49000000e+02  2.85808547e+00 
 1.50000000e+02  2.19001844e+00 
 1.51000000e+02  1.56925189e+00 
 1.52000000e+02  2.71320519e+00 
 1.53000000e+02  2.37928844e+00 
 1.54000000e+02  3.37143317e+00 
 1.55000000e+02  2.23939864e+00 
 1.56000000e+02  2.68599756e+00 
 1.57000000e+02  1.96786632e+00 
 1.58000000e+02  1.99003772e+00 
 1.59000000e+02  2.12019646e+00 
 1.60000000e+02  2.52573646e+00 
 1.61000000e+02  2.73281678e+00 
 1.62000000e+02  3.82493692e+00 
 1.63000000e+02  2.66773797e+00 
 1.64000000e+02  2.13297516e+00 
 1.65000000e+02  2.89292022e+00 
 1.66000000e+02  2.21443721e+00 
 1.67000000e+02  3.88974876e+00 
 1.68000000e+02  3.47117193e+00 
 1.69000000e+02  2.80725114e+00 
 1.70000000e+02  3.07755105e+00 
 1.71000000e+02  1.74829187e+00 
 1.72000000e+02  2.04802383e+00 
 1.73000000e+02  2.92107164e+00 
 1.74000000e+02  3.02055124e+00 
 1.75000000e+02  2.58554634e+00 
 1.76000000e+02  2.58385011e+00 
 1.77000000e+02  1.84255278e+00 
 1.78000000e+02  1.20498066e+00 
 1.79000000e+02  1.20696599e+00 
 1.80000000e+02  1.38285647e+00 
 1.81000000e+02  1.79312006e+00 
 1.82000000e+02  1.73355467e+00 
 1.83000000e+02  1.54846329e+00 
 1.84000000e+02  1.78916954e+00 
 1.85000000e+02  2.25627529e+00 
 1.86000000e+02  1.96333436e+00 
 1.87000000e+02  1.71449712e+00 
 1.88000000e+02  1.85504713e+00 
 1.89000000e+02  2.13961941e+00 
 1.90000000e+02  3.34526345e+00 
 1.91000000e+02  3.88792883e+00 
 1.92000000e+02  5.66198130e+00 
 1.93000000e+02  4.75349171e+00 
 1.94000000e+02  4.68458691e+00 
 1.95000000e+02  4.10833522e+00 
 1.96000000e+02  2.44223271e+00 
 1.97000000e+02  2.26719460e+00 
 1.98000000e+02  1.75042150e+00 
 1.99000000e+02  3.83000164e+00 
 2.00000000e+02  3.93739218e+00 
 2.01000000e+02  5.02056605e+00 
 2.02000000e+02  4.39259838e+00 
 2.03000000e+02  3.91894767e+00 
 2.04000000e+02  4.44348038e+00 
 2.05000000e+02  4.30838070e+00 
 2.06000000e+02  4.27399683e+00 
 2.07000000e+02  6.09350161e+00 
 2.08000000e+02  4.87961742e+00 
 2.09000000e+02  5.17754676e+00 
 2.10000000e+02  3.85988441e+00 
 2.11000000e+02  3.47514485e+00 
 2.12000000e+02  3.86915401e+00 
 2.13000000e+02  3.33324197e+00 
 2.14000000e+02  2.92380458e+00 
 2.15000000e+02  5.54961842e+00 
 2.16000000e+02  3.84172119e+00 
 2.17000000e+02  4.20670185e+00 
 2.18000000e+02  4.30945689e+00 
 2.19000000e+02  2.79270876e+00 
 2.20000000e+02  3.02838896e+00 
 2.21000000e+02  3.22782099e+00 
 2.22000000e+02  2.54045113e+00 
 2.23000000e+02  4.35086535e+00 
 2.24000000e+02  5.80869808e+00 
 2.25000000e+02  3.49479476e+00 
 2.26000000e+02  4.42568304e+00 
 2.27000000e+02  3.79431763e+00 
 2.28000000e+02  3.95758835e+00 
 2.29000000e+02  3.98939621e+00 
 2.30000000e+02  3.06440796e+00 
 2.31000000e+02  3.55026736e+00 
 2.32000000e+02  2.85507687e+00 
 2.33000000e+02  1.84413517e+00 
 2.34000000e+02  3.02303809e+00 
 2.35000000e+02  2.83201870e+00 
 2.36000000e+02  2.02266901e+00 
 2.37000000e+02  2.32632928e+00 
 2.38000000e+02  2.07332804e+00 
 2.39000000e+02  1.90266947e+00 
 2.40000000e+02  2.05972485e+00 
 2.41000000e+02  1.87419537e+00 
 2.42000000e+02  2.42893141e+00 
 2.43000000e+02  2.23779172e+00 
 2.44000000e+02  2.99572869e+00 
 2.45000000e+02  1.53139224e+00 
 2.46000000e+02  2.04461404e+00 
 2.47000000e+02  2.47385421e+00 
 2.48000000e+02  2.68092414e+00 
 2.49000000e+02  4.38242684e+00 
 2.50000000e+02  2.52270086e+00 
 2.51000000e+02  3.27159135e+00 
 2.52000000e+02  2.73656001e+00 
 2.53000000e+02  3.19405314e+00 
 2.54000000e+02  2.82665782e+00 
 2.55000000e+02  3.17897578e+00 
 2.56000000e+02  3.09349576e+00 
 2.57000000e+02  2.39668124e+00 
 2.58000000e+02  2.67628762e+00 
 2.59000000e+02  2.42239287e+00 
 2.60000000e+02  2.82087569e+00 
 2.61000000e+02  1.94440972e+00 
 2.62000000e+02  2.52923721e+00 
 2.63000000e+02  3.16047800e+00 
 2.64000000e+02  3.36423629e+00 
 2.65000000e+02  3.16473355e+00 
 2.66000000e+02  3.78623639e+00 
 2.67000000e+02  2.42101602e+00 
 2.68000000e+02  3.69445503e+00 
 2.69000000e+02  2.63464992e+00 
 2.70000000e+02  2.10960930e+00 
 2.71000000e+02  1.58951651e+00 
 2.72000000e+02  1.23736250e+00 
 2.73000000e+02  1.57945132e+00 
 2.74000000e+02  2.24261400e+00 
 2.75000000e+02  2.05606467e+00 
 2.76000000e+02  1.91891102e+00 
 2.77000000e+02  1.99959474e+00 
 2.78000000e+02  2.58175076e+00 
 2.79000000e+02  2.53725073e+00 
 2.80000000e+02  2.11828186e+00 
 2.81000000e+02  2.46886951e+00 
 2.82000000e+02  2.60873782e+00 
 2.83000000e+02  2.81558110e+00 
 2.84000000e+02  5.69679036e+00 
 2.85000000e+02  5.08719436e+00 
 2.86000000e+02  3.67207499e+00 
 2.87000000e+02  2.86528031e+00 
 2.88000000e+02  2.33874512e+00 
 2.89000000e+02  2.16773356e+00 
 2.90000000e+02  1.46613916e+00 
 2.91000000e+02  1.92305240e+00 
 2.92000000e+02  1.58783501e+00 
 2.93000000e+02  1.35859949e+00 
 2.94000000e+02  1.39533583e+00 
 2.95000000e+02  1.81513490e+00 
 2.96000000e+02  1.74269137e+00 
 2.97000000e+02  1.70398803e+00 
 2.98000000e+02  1.44483177e+00 
 2.99000000e+02  1.29226524e+00 
 3.00000000e+02  1.51474126e+00 
 3.01000000e+02  1.94215429e+00 
 3.02000000e+02  1.55683088e+00 
 3.03000000e+02  2.57324867e+00 
 3.04000000e+02  1.76757101e+00 
 3.05000000e+02  2.64793714e+00 
 3.06000000e+02  2.19686365e+00 
 3.07000000e+02  1.39417802e+00 
 3.08000000e+02  2.39833550e+00 
 3.09000000e+02  1.58004516e+00 
 3.10000000e+02  1.30534494e+00 
 3.11000000e+02  9.75338284e-01 
 3.12000000e+02  9.47129773e-01 
 3.13000000e+02  1.24953250e+00 
 3.14000000e+02  1.43767578e+00 
 3.15000000e+02  1.17661662e+00 
 3.16000000e+02  1.25059774e+00 
 3.17000000e+02  1.22364472e+00 
 3.18000000e+02  1.53559341e+00 
 3.19000000e+02  1.20861368e+00 
 3.20000000e+02  1.49921124e+00 
 3.21000000e+02  1.20700315e+00 
 3.22000000e+02  1.19415529e+00 
 3.23000000e+02  1.06871648e+00 
 3.24000000e+02  9.82357354e-01 
 3.25000000e+02  8.80789310e-01 
 3.26000000e+02  8.73378780e-01 
 3.27000000e+02  1.03535357e+00 
 3.28000000e+02  7.53137734e-01 
 3.29000000e+02  1.01882094e+00 
 3.30000000e+02  1.02238488e+00 
 3.31000000e+02  1.05117328e+00 
 3.32000000e+02  1.23271731e+00 
 3.33000000e+02  1.27025665e+00 
 3.34000000e+02  9.12942813e-01 
 3.35000000e+02  8.91210705e-01 
 3.36000000e+02  1.07789293e+00 
 3.37000000e+02  1.31924119e+00 
 3.38000000e+02  1.51391650e+00 
 3.39000000e+02  8.34949944e-01 
 3.40000000e+02  9.93089350e-01 
 3.41000000e+02  8.86472158e-01 
 3.42000000e+02  9.14846921e-01 
 3.43000000e+02  1.05429699e+00 
 3.44000000e+02  9.66909455e-01 
 3.45000000e+02  1.01091231e+00 
 3.46000000e+02  6.81208030e-01 
 3.47000000e+02  9.23202136e-01 
 3.48000000e+02  1.21482737e+00 
 3.49000000e+02  1.44860481e+00 
 3.50000000e+02  1.16117760e+00 
 3.51000000e+02  2.01019029e+00 
 3.52000000e+02  1.36419456e+00 
 3.53000000e+02  2.20567312e+00 
 3.54000000e+02  1.72345196e+00 
 3.55000000e+02  1.27747963e+00 
 3.56000000e+02  1.50517963e+00 
 3.57000000e+02  1.26423808e+00 
 3.58000000e+02  1.67919603e+00 
 3.59000000e+02  1.36349659e+00 
 3.60000000e+02  1.72205417e+00 
 3.61000000e+02  1.47074737e+00 
 3.62000000e+02  1.89112194e+00 
 3.63000000e+02  1.45177534e+00 
 3.64000000e+02  1.04274590e+00 
 3.65000000e+02  1.30172494e+00 
 3.66000000e+02  1.05741282e+00 
 3.67000000e+02  8.36019968e-01 
 3.68000000e+02  8.72577038e-01 
 3.69000000e+02  1.38671459e+00 
 3.70000000e+02  1.31236758e+00 
 3.71000000e+02  1.48571895e+00 
 3.72000000e+02  1.48150484e+00 
 3.73000000e+02  1.11867169e+00 
 3.74000000e+02  1.56233333e+00 
 3.75000000e+02  1.40747140e+00 
 3.76000000e+02  1.55961254e+00 
 3.77000000e+02  1.37716361e+00 
 3.78000000e+02  9.54790850e-01 
 3.79000000e+02  1.06912209e+00 
 3.80000000e+02  8.16878900e-01 
 3.81000000e+02  8.00813645e-01 
 3.82000000e+02  9.18955246e-01 
 3.83000000e+02  6.55508473e-01 
 3.84000000e+02  5.49727350e-01 
 3.85000000e+02  5.84204524e-01 
 3.86000000e+02  9.13972093e-01 
 3.87000000e+02  9.09361739e-01 
 3.88000000e+02  9.80188524e-01 
 3.89000000e+02  6.31782969e-01 
 3.90000000e+02  7.80969877e-01 
 3.91000000e+02  1.18680954e+00 
 3.92000000e+02  1.13485807e+00 
 3.93000000e+02  1.14891566e+00 
 3.94000000e+02  1.71178258e+00 
 3.95000000e+02  1.11117401e+00 
 3.96000000e+02  1.07213687e+00 
 3.97000000e+02  1.32104225e+00 
 3.98000000e+02  1.12915189e+00 
 3.99000000e+02  6.78749806e-01 
 4.00000000e+02  1.00421982e+00 
 4.01000000e+02  5.29791068e-01 
 4.02000000e+02  1.22128727e+00 
 4.03000000e+02  1.36378231e+00 
 4.04000000e+02  1.50702042e+00 
 4.05000000e+02  1.71927010e+00 
 4.06000000e+02  1.09426663e+00 
 4.07000000e+02  9.60975340e-01 
 4.08000000e+02  1.15122084e+00 
 4.09000000e+02  1.50125647e+00 
 4.10000000e+02  1.23610494e+00 
 4.11000000e+02  1.10065381e+00 
 4.12000000e+02  9.27143677e-01 
 4.13000000e+02  1.26420725e+00 
 4.14000000e+02  7.59017626e-01 
 4.15000000e+02  7.11332519e-01 
 4.16000000e+02  8.57640069e-01 
 4.17000000e+02  9.64357626e-01 
 4.18000000e+02  9.46707249e-01 
 4.19000000e+02  9.73779910e-01 
 4.20000000e+02  8.76545492e-01 
 4.21000000e+02  8.11256620e-01 
 4.22000000e+02  9.08149041e-01 
 4.23000000e+02  1.18622051e+00 
 4.24000000e+02  1.01452683e+00 
 4.25000000e+02  9.64635227e-01 
 4.26000000e+02  1.67349951e+00 
 4.27000000e+02  1.57352583e+00 
 4.28000000e+02  2.19005958e+00 
 4.29000000e+02  1.19087518e+00 
 4.30000000e+02  1.04345584e+00 
 4.31000000e+02  1.65740310e+00 
 4.32000000e+02  1.86859250e+00 
 4.33000000e+02  1.99426559e+00 
 4.34000000e+02  1.88339717e+00 
 4.35000000e+02  1.98129621e+00 
 4.36000000e+02  1.23333844e+00 
 4.37000000e+02  1.29856870e+00 
 4.38000000e+02  1.30306163e+00 
 4.39000000e+02  1.45048868e+00 
 4.40000000e+02  1.40246439e+00 
 4.41000000e+02  1.48650879e+00 
 4.42000000e+02  1.03315580e+00 
 4.43000000e+02  1.00483793e+00 
 4.44000000e+02  9.09711665e-01 
 4.45000000e+02  8.72898650e-01 
 4.46000000e+02  9.79739964e-01 
 4.47000000e+02  1.26250783e+00 
 4.48000000e+02  8.55364693e-01 
 4.49000000e+02  9.62728922e-01 
 4.50000000e+02  1.00278077e+00 
 4.51000000e+02  7.53809068e-01 
 4.52000000e+02  1.33357848e+00 
 4.53000000e+02  1.15676955e+00 
 4.54000000e+02  1.03422247e+00 
 4.55000000e+02  7.79443550e-01 
 4.56000000e+02  6.89078518e-01 
 4.57000000e+02  8.23366721e-01 
 4.58000000e+02  9.37885404e-01 
 4.59000000e+02  9.32646507e-01 
 4.60000000e+02  1.14372937e+00 
 4.61000000e+02  1.39319794e+00 
 4.62000000e+02  1.27083393e+00 
 4.63000000e+02  1.03748376e+00 
 4.64000000e+02  1.12026695e+00 
 4.65000000e+02  1.25950594e+00 
 4.66000000e+02  9.17206689e-01 
 4.67000000e+02  6.20305719e-01 
 4.68000000e+02  1.08734351e+00 
 4.69000000e+02  9.93589190e-01 
 4.70000000e+02  8.26369513e-01 
 4.71000000e+02  8.11986732e-01 
 4.72000000e+02  5.84410640e-01 
 4.73000000e+02  7.22070455e-01 
 4.74000000e+02  7.83374358e-01 
 4.75000000e+02  1.02781016e+00 
 4.76000000e+02  4.88686849e-01 
 4.77000000e+02  5.77955002e-01 
 4.78000000e+02  6.36856611e-01 
 4.79000000e+02  6.22730786e-01 
 4.80000000e+02  7.66328859e-01 
 4.81000000e+02  6.13145468e-01 
 4.82000000e+02  7.75460438e-01 
 4.83000000e+02  9.46682702e-01 
 4.84000000e+02  9.15626166e-01 
 4.85000000e+02  1.09858889e+00 
 4.86000000e+02  1.07016186e+00 
 4.87000000e+02  8.14781972e-01 
 4.88000000e+02  1.00827521e+00 
 4.89000000e+02  1.31184494e+00 
 4.90000000e+02  8.94158985e-01 
 4.91000000e+02  1.20553270e+00 
 4.92000000e+02  8.00031139e-01 
 4.93000000e+02  1.03450687e+00 
 4.94000000e+02  1.30283261e+00 
 4.95000000e+02  1.17700238e+00 
 4.96000000e+02  1.85927764e+00 
 4.97000000e+02  1.22649210e+00 
 4.98000000e+02  1.17122096e+00 
 4.99000000e+02  1.71840172e+00 
 5.00000000e+02  1.85502079e+00 
 5.01000000e+02  1.19807246e+00 
 5.02000000e+02  1.40405133e+00 
 5.03000000e+02  1.38871548e+00 
 5.04000000e+02  1.66303446e+00 
 5.05000000e+02  1.50798322e+00 
 5.06000000e+02  1.52236809e+00 
 5.07000000e+02  1.65109660e+00 
 5.08000000e+02  1.14074232e+00 
 5.09000000e+02  6.85581683e-01 
 5.10000000e+02  9.28080455e-01 
 5.11000000e+02  1.19010847e+00 
 5.12000000e+02  8.98673007e-01 
 5.13000000e+02  1.33341115e+00 
 5.14000000e+02  6.71074021e-01 
 5.15000000e+02  8.61618415e-01 
 5.16000000e+02  2.10241488e+00 
 5.17000000e+02  2.35463280e+00 
 5.18000000e+02  1.65186745e+00 
 5.19000000e+02  1.29655017e+00 
 5.20000000e+02  1.49329891e+00 
 5.21000000e+02  1.20188930e+00 
 5.22000000e+02  9.30949522e-01 
 5.23000000e+02  8.62015765e-01 
 5.24000000e+02  7.44016746e-01 
 5.25000000e+02  7.12281006e-01 
 5.26000000e+02  8.57214849e-01 
 5.27000000e+02  5.61352702e-01 
 5.28000000e+02  6.58225205e-01 
 5.29000000e+02  8.75621474e-01 
 5.30000000e+02  8.93323457e-01 
 5.31000000e+02  7.08338667e-01 
 5.32000000e+02  1.09240321e+00 
 5.33000000e+02  8.81943613e-01 
 5.34000000e+02  6.85072462e-01 
 5.35000000e+02  6.00192205e-01 
 5.36000000e+02  6.35590209e-01 
 5.37000000e+02  1.03063143e+00 
 5.38000000e+02  1.13112808e+00 
 5.39000000e+02  1.43013845e+00 
 5.40000000e+02  1.73763247e+00 
 5.41000000e+02  1.40854578e+00 
 5.42000000e+02  1.03978951e+00 
 5.43000000e+02  1.79142075e+00 
 5.44000000e+02  1.89115525e+00 
 5.45000000e+02  1.96684134e+00 
 5.46000000e+02  2.29964267e+00 
 5.47000000e+02  2.13270042e+00 
 5.48000000e+02  2.73844140e+00 
 5.49000000e+02  3.11678739e+00 
 5.50000000e+02  2.60629200e+00 
 5.51000000e+02  1.84438286e+00 
 5.52000000e+02  1.66048047e+00 
 5.53000000e+02  2.17009665e+00 
 5.54000000e+02  2.24352708e+00 
 5.55000000e+02  1.83841406e+00 
 5.56000000e+02  2.01057222e+00 
 5.57000000e+02  1.68775054e+00 
 5.58000000e+02  1.69949964e+00 
 5.59000000e+02  1.53072744e+00 
 5.60000000e+02  1.96426783e+00 
 5.61000000e+02  2.30871718e+00 
 5.62000000e+02  1.65603078e+00 
 5.63000000e+02  2.40657751e+00 
 5.64000000e+02  2.24340605e+00 
 5.65000000e+02  1.88601417e+00 
 5.66000000e+02  1.95460002e+00 
 5.67000000e+02  1.64700674e+00 
 5.68000000e+02  1.51735352e+00 
 5.69000000e+02  1.66946211e+00 
 5.70000000e+02  1.91256917e+00 
 5.71000000e+02  2.14864304e+00 
 5.72000000e+02  1.76055806e+00 
 5.73000000e+02  2.70423024e+00 
 5.74000000e+02  1.66627875e+00 
 5.75000000e+02  1.84223578e+00 
 5.76000000e+02  1.91390126e+00 
 5.77000000e+02  1.78674665e+00 
 5.78000000e+02  1.43669786e+00 
 5.79000000e+02  1.31708990e+00 
 5.80000000e+02  1.19171712e+00 
 5.81000000e+02  1.23788513e+00 
 5.82000000e+02  1.53895925e+00 
 5.83000000e+02  1.75934747e+00 
 5.84000000e+02  2.40211434e+00 
 5.85000000e+02  1.98011763e+00 
 5.86000000e+02  2.00094211e+00 
 5.87000000e+02  1.52190685e+00 
 5.88000000e+02  1.35611135e+00 
 5.89000000e+02  1.31109223e+00 
 5.90000000e+02  1.64891864e+00 
 5.91000000e+02  1.43027643e+00 
 5.92000000e+02  1.85491584e+00 
 5.93000000e+02  1.36334939e+00 
 5.94000000e+02  1.30940057e+00 
 5.95000000e+02  1.39775403e+00 
 5.96000000e+02  1.20961965e+00 
 5.97000000e+02  1.89383956e+00 
 5.98000000e+02  9.10241790e-01 
 5.99000000e+02  1.09950651e+00 
 6.00000000e+02  1.38404444e+00 
 6.01000000e+02  8.59634022e-01 
 6.02000000e+02  7.84038965e-01 
 6.03000000e+02  1.11028312e+00 
 6.04000000e+02  1.47967400e+00 
 6.05000000e+02  1.65784837e+00 
 6.06000000e+02  1.93249281e+00 
 6.07000000e+02  1.72073373e+00 
 6.08000000e+02  1.93047096e+00 
 6.09000000e+02  2.02063332e+00 
 6.10000000e+02  1.93146189e+00 
 6.11000000e+02  1.42362168e+00 
 6.12000000e+02  1.50058857e+00 
 6.13000000e+02  1.85893328e+00 
 6.14000000e+02  2.48743043e+00 
 6.15000000e+02  1.99266339e+00 
 6.16000000e+02  2.75606463e+00 
 6.17000000e+02  2.07416943e+00 
 6.18000000e+02  2.72769735e+00 
 6.19000000e+02  2.64187125e+00 
 6.20000000e+02  3.31805741e+00 
 6.21000000e+02  4.26110695e+00 
 6.22000000e+02  2.21927107e+00 
 6.23000000e+02  1.94329145e+00 
 6.24000000e+02  2.61020627e+00 
 6.25000000e+02  2.46002862e+00 
 6.26000000e+02  1.88598492e+00 
 6.27000000e+02  2.05771737e+00 
 6.28000000e+02  1.58887547e+00 
 6.29000000e+02  1.83870359e+00 
 6.30000000e+02  1.77078277e+00 
 6.31000000e+02  2.49581458e+00 
 6.32000000e+02  1.86534015e+00 
 6.33000000e+02  1.63587450e+00 
 6.34000000e+02  1.93966028e+00 
 6.35000000e+02  2.28117096e+00 
 6.36000000e+02  1.78072934e+00 
 6.37000000e+02  1.92428035e+00 
 6.38000000e+02  2.39555294e+00 
 6.39000000e+02  2.57397571e+00 
 6.40000000e+02  2.42523427e+00 
 6.41000000e+02  2.09661913e+00 
 6.42000000e+02  2.15327369e+00 
 6.43000000e+02  2.42361861e+00 
 6.44000000e+02  1.63875135e+00 
 6.45000000e+02  2.35916295e+00 
 6.46000000e+02  2.76496929e+00 
 6.47000000e+02  3.26292259e+00 
 6.48000000e+02  1.87039688e+00 
 6.49000000e+02  3.14492345e+00 
 6.50000000e+02  3.06832723e+00 
 6.51000000e+02  2.67582519e+00 
 6.52000000e+02  2.18489649e+00 
 6.53000000e+02  1.23884420e+00 
 6.54000000e+02  1.07974333e+00 
 6.55000000e+02  1.89868245e+00 
 6.56000000e+02  2.09434443e+00 
 6.57000000e+02  1.56760969e+00 
 6.58000000e+02  1.44292606e+00 
 6.59000000e+02  1.74993133e+00 
 6.60000000e+02  1.13577820e+00 
 6.61000000e+02  1.37027419e+00 
 6.62000000e+02  1.46508121e+00 
 6.63000000e+02  1.40985593e+00 
 6.64000000e+02  1.41062762e+00 
 6.65000000e+02  1.14561927e+00 
 6.66000000e+02  8.40521367e-01 
 6.67000000e+02  1.06136575e+00 
 6.68000000e+02  1.22728686e+00 
 6.69000000e+02  1.19614529e+00 
 6.70000000e+02  1.31782869e+00 
 6.71000000e+02  9.73570625e-01 
 6.72000000e+02  1.18999531e+00 
 6.73000000e+02  1.44122666e+00 
 6.74000000e+02  2.22206054e+00 
 6.75000000e+02  1.94450441e+00 
 6.76000000e+02  2.47411391e+00 
 6.77000000e+02  2.84571245e+00 
 6.78000000e+02  1.70274179e+00 
 6.79000000e+02  1.75907812e+00 
 6.80000000e+02  1.26433486e+00 
 6.81000000e+02  1.90763996e+00 
 6.82000000e+02  1.57988363e+00 
 6.83000000e+02  1.69075541e+00 
 6.84000000e+02  1.21722034e+00 
 6.85000000e+02  9.69422125e-01 
 6.86000000e+02  1.03981392e+00 
 6.87000000e+02  8.21598944e-01 
 6.88000000e+02  7.83275025e-01 
 6.89000000e+02  6.54306823e-01 
 6.90000000e+02  5.09568145e-01 
 6.91000000e+02  6.55278557e-01 
 6.92000000e+02  7.53977208e-01 
 6.93000000e+02  5.98112951e-01 
 6.94000000e+02  1.33579478e+00 
 6.95000000e+02  7.20770913e-01 
 6.96000000e+02  4.30104971e-01 
 6.97000000e+02  3.87055228e-01 
 6.98000000e+02  4.02329710e-01 
 6.99000000e+02  3.65912861e-01 
 7.00000000e+02  5.53970841e-01 
 7.01000000e+02  8.38032277e-01 
 7.02000000e+02  5.37455552e-01 
 7.03000000e+02  4.83334383e-01 
 7.04000000e+02  5.63856027e-01 
 7.05000000e+02  7.82265173e-01 
 7.06000000e+02  6.91233796e-01 
 7.07000000e+02  8.10806823e-01 
 7.08000000e+02  7.72335225e-01 
 7.09000000e+02  6.17521353e-01 
 7.10000000e+02  5.93759077e-01 
 7.11000000e+02  5.09523826e-01 
 7.12000000e+02  5.88247991e-01 
 7.13000000e+02  6.75491458e-01 
 7.14000000e+02  4.73895373e-01 
 7.15000000e+02  4.75994258e-01 
 7.16000000e+02  4.50760086e-01 
 7.17000000e+02  7.29516003e-01 
 7.18000000e+02  5.04537306e-01 
 7.19000000e+02  7.72246152e-01 
 7.20000000e+02  6.83985862e-01 
 7.21000000e+02  6.53430292e-01 
 7.22000000e+02  4.61487278e-01 
 7.23000000e+02  9.51274289e-01 
 7.24000000e+02  6.82779196e-01 
 7.25000000e+02  8.26454203e-01 
 7.26000000e+02  5.88580099e-01 
 7.27000000e+02  5.78973775e-01 
 7.28000000e+02  4.32148260e-01 
 7.29000000e+02  7.09818222e-01 
 7.30000000e+02  7.75446629e-01 
 7.31000000e+02  3.86192807e-01 
 7.32000000e+02  6.66155674e-01 
 7.33000000e+02  5.07458581e-01 
 7.34000000e+02  4.38457339e-01 
 7.35000000e+02  3.66037608e-01 
 7.36000000e+02  6.18674608e-01 
 7.37000000e+02  5.82436454e-01 
 7.38000000e+02  3.96038932e-01 
 7.39000000e+02  5.98736621e-01 
 7.40000000e+02  6.85022122e-01 
 7.41000000e+02  5.37481100e-01 
 7.42000000e+02  5.40797137e-01 
 7.43000000e+02  6.64507868e-01 
 7.44000000e+02  6.36167805e-01 
 7.45000000e+02  6.55683329e-01 
 7.46000000e+02  5.25850993e-01 
 7.47000000e+02  6.84894889e-01 
 7.48000000e+02  6.68797859e-01 
 7.49000000e+02  6.54565025e-01 
 7.50000000e+02  4.41513829e-01 
 7.51000000e+02  6.77635516e-01 
 7.52000000e+02  6.64667512e-01 
 7.53000000e+02  6.58143862e-01 
 7.54000000e+02  5.79810550e-01 
 7.55000000e+02  7.22867898e-01 
 7.56000000e+02  5.39045403e-01 
 7.57000000e+02  7.10290359e-01 
 7.58000000e+02  7.59546095e-01 
 7.59000000e+02  7.61723704e-01 
 7.60000000e+02  8.45091224e-01 
 7.61000000e+02  8.39088307e-01 
 7.62000000e+02  9.09460042e-01 
 7.63000000e+02  6.94784449e-01 
 7.64000000e+02  8.16208556e-01 
 7.65000000e+02  1.08864445e+00 
 7.66000000e+02  6.38870718e-01 
 7.67000000e+02  7.29672697e-01 
 7.68000000e+02  1.26818176e+00 
 7.69000000e+02  9.83141254e-01 
 7.70000000e+02  9.08717963e-01 
 7.71000000e+02  1.17069757e+00 
 7.72000000e+02  8.14896552e-01 
 7.73000000e+02  8.52667044e-01 
 7.74000000e+02  6.60368079e-01 
 7.75000000e+02  9.53364626e-01 
 7.76000000e+02  9.21436493e-01 
 7.77000000e+02  1.01813742e+00 
 7.78000000e+02  1.28039448e+00 
 7.79000000e+02  1.22198616e+00 
 7.80000000e+02  1.27836400e+00 
 7.81000000e+02  1.13217118e+00 
 7.82000000e+02  9.27990088e-01 
 7.83000000e+02  1.07193858e+00 
 7.84000000e+02  1.21957815e+00 
 7.85000000e+02  8.28410661e-01 
 7.86000000e+02  7.68863861e-01 
 7.87000000e+02  1.14657027e+00 
 7.88000000e+02  1.14459715e+00 
 7.89000000e+02  1.35309230e+00 
 7.90000000e+02  9.45829064e-01 
 7.91000000e+02  8.80450341e-01 
 7.92000000e+02  6.12207774e-01 
 7.93000000e+02  7.12876258e-01 
 7.94000000e+02  1.06882097e+00 
 7.95000000e+02  8.48516424e-01 
 7.96000000e+02  7.69683273e-01 
 7.97000000e+02  1.08136818e+00 
 7.98000000e+02  1.15493790e+00 
 7.99000000e+02  1.16304165e+00 
 8.00000000e+02  1.21076759e+00 
 8.01000000e+02  1.07830679e+00 
 8.02000000e+02  1.58278090e+00 
 8.03000000e+02  1.32084251e+00 
 8.04000000e+02  1.98950315e+00 
 8.05000000e+02  1.87898560e+00 
 8.06000000e+02  6.03931208e-01 
 8.07000000e+02  6.23883735e-01 
 8.08000000e+02  9.39107134e-01 
 8.09000000e+02  6.76682893e-01 
 8.10000000e+02  6.94601428e-01 
 8.11000000e+02  6.61931670e-01 
 8.12000000e+02  7.90808333e-01 
 8.13000000e+02  5.70238281e-01 
 8.14000000e+02  6.20825627e-01 
 8.15000000e+02  7.11624701e-01 
 8.16000000e+02  8.85767521e-01 
 8.17000000e+02  9.54035125e-01 
 8.18000000e+02  7.24652233e-01 
 8.19000000e+02  7.26382336e-01 
 8.20000000e+02  7.02143849e-01 
 8.21000000e+02  5.09468153e-01 
 8.22000000e+02  5.64676111e-01 
 8.23000000e+02  6.05729241e-01 
 8.24000000e+02  7.30760419e-01 
 8.25000000e+02  1.14759847e+00 
 8.26000000e+02  7.15095070e-01 
 8.27000000e+02  8.34113779e-01 
 8.28000000e+02  5.22811601e-01 
 8.29000000e+02  7.97721078e-01 
 8.30000000e+02  1.07898040e+00 
 8.31000000e+02  1.32282873e+00 
 8.32000000e+02  1.47113309e+00 
 8.33000000e+02  1.50706478e+00 
 8.34000000e+02  1.63831672e+00 
 8.35000000e+02  2.39616443e+00 
 8.36000000e+02  1.89258755e+00 
 8.37000000e+02  2.06778089e+00 
 8.38000000e+02  1.56924777e+00 
 8.39000000e+02  2.56822469e+00 
 8.40000000e+02  2.41447063e+00 
 8.41000000e+02  1.63998653e+00 
 8.42000000e+02  8.58595482e-01 
 8.43000000e+02  8.51606180e-01 
 8.44000000e+02  1.01992083e+00 
 8.45000000e+02  1.16918490e+00 
 8.46000000e+02  1.33890439e+00 
 8.47000000e+02  1.54473377e+00 
 8.48000000e+02  1.31455232e+00 
 8.49000000e+02  8.72924024e-01 
 8.50000000e+02  1.26346704e+00 
 8.51000000e+02  1.61376314e+00 
 8.52000000e+02  1.51006585e+00 
 8.53000000e+02  1.71459600e+00 
 8.54000000e+02  1.45655337e+00 
 8.55000000e+02  1.26369773e+00 
 8.56000000e+02  1.61687965e+00 
 8.57000000e+02  1.01658575e+00 
 8.58000000e+02  1.44251172e+00 
 8.59000000e+02  1.27426453e+00 
 8.60000000e+02  1.08592811e+00 
 8.61000000e+02  1.42060216e+00 
 8.62000000e+02  1.41337352e+00 
 8.63000000e+02  1.61648296e+00 
 8.64000000e+02  1.57190983e+00 
 8.65000000e+02  1.30255238e+00 
 8.66000000e+02  1.28949176e+00 
 8.67000000e+02  1.16902068e+00 
 8.68000000e+02  1.16515251e+00 
 8.69000000e+02  8.37220787e-01 
 8.70000000e+02  9.06287677e-01 
 8.71000000e+02  1.16533687e+00 
 8.72000000e+02  8.26151141e-01 
 8.73000000e+02  1.04204919e+00 
 8.74000000e+02  9.39246762e-01 
 8.75000000e+02  8.81299402e-01 
 8.76000000e+02  6.36327339e-01 
 8.77000000e+02  5.20775557e-01 
 8.78000000e+02  7.48197894e-01 
 8.79000000e+02  7.70824922e-01 
 8.80000000e+02  7.66512672e-01 
 8.81000000e+02  6.94644490e-01 
 8.82000000e+02  7.43390741e-01 
 8.83000000e+02  8.94942402e-01 
 8.84000000e+02  7.04047061e-01 
 8.85000000e+02  7.13990368e-01 
 8.86000000e+02  7.36370758e-01 
 8.87000000e+02  6.99562864e-01 
 8.88000000e+02  6.86556086e-01 
 8.89000000e+02  9.45526790e-01 
 8.90000000e+02  5.79867428e-01 
 8.91000000e+02  7.35612998e-01 
 8.92000000e+02  8.10844366e-01 
 8.93000000e+02  6.91842966e-01 
 8.94000000e+02  4.77322736e-01 
 8.95000000e+02  5.77644089e-01 
 8.96000000e+02  5.31169171e-01 
 8.97000000e+02  7.59763519e-01 
 8.98000000e+02  5.81030532e-01 
 8.99000000e+02  5.06726846e-01 
 9.00000000e+02  5.57633493e-01 
 9.01000000e+02  1.01554315e+00 
 9.02000000e+02  8.84661770e-01 
 9.03000000e+02  1.02052483e+00 
 9.04000000e+02  8.44322685e-01 
 9.05000000e+02  7.61819379e-01 
 9.06000000e+02  5.16732417e-01 
 9.07000000e+02  1.14632253e+00 
 9.08000000e+02  9.67385027e-01 
 9.09000000e+02  8.54424885e-01 
 9.10000000e+02  7.86055353e-01 
 9.11000000e+02  8.16855041e-01 
 9.12000000e+02  7.60795269e-01 
 9.13000000e+02  6.45510930e-01 
 9.14000000e+02  7.09782914e-01 
 9.15000000e+02  6.92662446e-01 
 9.16000000e+02  6.47555675e-01 
 9.17000000e+02  7.04071811e-01 
 9.18000000e+02  8.57248276e-01 
 9.19000000e+02  8.17036649e-01 
 9.20000000e+02  6.71072771e-01 
 9.21000000e+02  5.65314764e-01 
 9.22000000e+02  4.61962402e-01 
 9.23000000e+02  1.05469067e+00 
 9.24000000e+02  6.59412703e-01 
 9.25000000e+02  6.56063910e-01 
 9.26000000e+02  6.91853092e-01 
 9.27000000e+02  7.43659856e-01 
 9.28000000e+02  9.76858445e-01 
 9.29000000e+02  1.19539933e+00 
 9.30000000e+02  7.45318257e-01 
 9.31000000e+02  9.86074218e-01 
 9.32000000e+02  8.37420723e-01 
 9.33000000e+02  1.24553961e+00 
 9.34000000e+02  8.96039840e-01 
 9.35000000e+02  1.02044045e+00 
 9.36000000e+02  9.96996784e-01 
 9.37000000e+02  1.00831524e+00 
 9.38000000e+02  1.03316464e+00 
 9.39000000e+02  6.42684703e-01 
 9.40000000e+02  7.83871645e-01 
 9.41000000e+02  7.68618315e-01 
 9.42000000e+02  9.03055735e-01 
 9.43000000e+02  1.04944348e+00 
 9.44000000e+02  1.30551226e+00 
 9.45000000e+02  1.13905603e+00 
 9.46000000e+02  1.03878653e+00 
 9.47000000e+02  9.92821196e-01 
 9.48000000e+02  9.57519101e-01 
 9.49000000e+02  9.95750723e-01 
 9.50000000e+02  9.06317943e-01 
 9.51000000e+02  7.37903735e-01 
 9.52000000e+02  1.08278634e+00 
 9.53000000e+02  1.30174947e+00 
 9.54000000e+02  8.32341575e-01 
 9.55000000e+02  7.82202312e-01 
 9.56000000e+02  9.04802017e-01 
 9.57000000e+02  1.23974568e+00 
 9.58000000e+02  1.18431309e+00 
 9.59000000e+02  1.45862298e+00 
 9.60000000e+02  9.73069744e-01 
 9.61000000e+02  1.61113920e+00 
 9.62000000e+02  9.98842765e-01 
 9.63000000e+02  9.31801814e-01 
 9.64000000e+02  9.68809602e-01 
 9.65000000e+02  8.39793774e-01 
 9.66000000e+02  1.15866801e+00 
 9.67000000e+02  9.75049142e-01 
 9.68000000e+02  8.47012210e-01 
 9.69000000e+02  9.66563327e-01 
 9.70000000e+02  9.62464815e-01 
 9.71000000e+02  1.30715205e+00 
 9.72000000e+02  8.22937897e-01 
 9.73000000e+02  1.03618949e+00 
 9.74000000e+02  7.31170058e-01 
 9.75000000e+02  8.22596279e-01 
 9.76000000e+02  6.80318263e-01 
 9.77000000e+02  9.17863465e-01 
 9.78000000e+02  8.70853377e-01 
 9.79000000e+02  6.92538447e-01 
 9.80000000e+02  7.98725308e-01 
 9.81000000e+02  5.17796579e-01 
 9.82000000e+02  8.02843697e-01 
 9.83000000e+02  6.36821068e-01 
 9.84000000e+02  7.15235330e-01 
 9.85000000e+02  6.24540328e-01 
 9.86000000e+02  9.24698595e-01 
 9.87000000e+02  8.86700543e-01 
 9.88000000e+02  9.43974958e-01 
 9.89000000e+02  8.39580050e-01 
 9.90000000e+02  7.64766479e-01 
 9.91000000e+02  9.98107028e-01 
 9.92000000e+02  9.51014160e-01 
 9.93000000e+02  1.21411385e+00 
 9.94000000e+02  1.00898381e+00 
 9.95000000e+02  8.79711904e-01 
 9.96000000e+02  9.35952641e-01 
 9.97000000e+02  8.82150550e-01 
 9.98000000e+02  1.04250877e+00 
 9.99000000e+02  1.00888377e+00 
 1.00000000e+03  6.93692460e-01 
 1.00100000e+03  5.95620465e-01 
 1.00200000e+03  4.38440574e-01 
 1.00300000e+03  5.43248198e-01 
 1.00400000e+03  5.24169159e-01 
 1.00500000e+03  3.91361005e-01 
 1.00600000e+03  4.83275521e-01 
 1.00700000e+03  8.61565668e-01 
 1.00800000e+03  6.72937319e-01 
 1.00900000e+03  6.79140897e-01 
 1.01000000e+03  6.35519973e-01 
 1.01100000e+03  6.96206323e-01 
 1.01200000e+03  5.63577191e-01 
 1.01300000e+03  7.36395873e-01 
 1.01400000e+03  7.51825501e-01 
 1.01500000e+03  7.56330949e-01 
 1.01600000e+03  6.10612713e-01 
 1.01700000e+03  6.88853683e-01 
 1.01800000e+03  5.12791396e-01 
 1.01900000e+03  5.60915593e-01 
 1.02000000e+03  6.72788784e-01 
 1.02100000e+03  1.21111159e+00 
 1.02200000e+03  6.59573133e-01 
 1.02300000e+03  9.09682445e-01 
 1.02400000e+03  1.01881093e+00 
 1.02500000e+03  1.17894116e+00 
 1.02600000e+03  1.18465198e+00 
 1.02700000e+03  1.22990910e+00 
 1.02800000e+03  1.05592082e+00 
 1.02900000e+03  6.44867263e-01 
 1.03000000e+03  1.08277706e+00 
 1.03100000e+03  7.73529244e-01 
 1.03200000e+03  6.29525782e-01 
 1.03300000e+03  6.25125580e-01 
 1.03400000e+03  8.37124013e-01 
 1.03500000e+03  6.18972061e-01 
 1.03600000e+03  6.72982083e-01 
 1.03700000e+03  5.53368508e-01 
 1.03800000e+03  6.04985030e-01 
 1.03900000e+03  4.76001662e-01 
 1.04000000e+03  8.73875792e-01 
 1.04100000e+03  8.03624677e-01 
 1.04200000e+03  5.71051071e-01 
 1.04300000e+03  4.92487909e-01 
 1.04400000e+03  6.46862716e-01 
 1.04500000e+03  7.29559269e-01 
 1.04600000e+03  6.13090754e-01 
 1.04700000e+03  8.32110616e-01 
 1.04800000e+03  7.67485046e-01 
 1.04900000e+03  9.30908114e-01 
 1.05000000e+03  9.92659411e-01 
 1.05100000e+03  1.92781356e+00 
 1.05200000e+03  1.72666965e+00 
 1.05300000e+03  1.28855586e+00 
 1.05400000e+03  1.61221439e+00 
 1.05500000e+03  1.31939413e+00 
 1.05600000e+03  1.23258613e+00 
 1.05700000e+03  1.21222148e+00 
 1.05800000e+03  1.42606482e+00 
 1.05900000e+03  1.05263491e+00 
 1.06000000e+03  8.63379621e-01 
 1.06100000e+03  8.76707700e-01 
 1.06200000e+03  7.47546648e-01 
 1.06300000e+03  5.81291344e-01 
 1.06400000e+03  8.92594817e-01 
 1.06500000e+03  1.01255165e+00 
 1.06600000e+03  8.86380227e-01 
 1.06700000e+03  7.73971300e-01 
 1.06800000e+03  9.01549998e-01 
 1.06900000e+03  9.07820847e-01 
 1.07000000e+03  8.82728576e-01 
 1.07100000e+03  9.22982541e-01 
 1.07200000e+03  6.39644894e-01 
 1.07300000e+03  6.73870820e-01 
 1.07400000e+03  7.25664114e-01 
 1.07500000e+03  7.50558039e-01 
 1.07600000e+03  5.74652907e-01 
 1.07700000e+03  4.02192410e-01 
 1.07800000e+03  8.59218163e-01 
 1.07900000e+03  9.07049939e-01 
 1.08000000e+03  8.77480311e-01 
 1.08100000e+03  9.06677375e-01 
 1.08200000e+03  8.11619510e-01 
 1.08300000e+03  7.56438502e-01 
 1.08400000e+03  6.15557104e-01 
 1.08500000e+03  6.00945971e-01 
 1.08600000e+03  9.03155536e-01 
 1.08700000e+03  6.62208476e-01 
 1.08800000e+03  4.15254278e-01 
 1.08900000e+03  5.28181530e-01 
 1.09000000e+03  6.91809749e-01 
 1.09100000e+03  6.36543034e-01 
 1.09200000e+03  9.39277231e-01 
 1.09300000e+03  6.53656966e-01 
 1.09400000e+03  5.69720006e-01 
 1.09500000e+03  6.70451891e-01 
 1.09600000e+03  8.43018437e-01 
 1.09700000e+03  7.02814399e-01 
 1.09800000e+03  1.04627274e+00 
 1.09900000e+03  6.97287900e-01 
 1.10000000e+03  5.58579043e-01 
 1.10100000e+03  7.32875871e-01 
 1.10200000e+03  5.71770008e-01 
 1.10300000e+03  6.65418246e-01 
 1.10400000e+03  5.97485406e-01 
 1.10500000e+03  6.72074866e-01 
 1.10600000e+03  5.64538981e-01 
 1.10700000e+03  8.68807435e-01 
 1.10800000e+03  1.03431717e+00 
 1.10900000e+03  1.33719488e+00 
 1.11000000e+03  1.93390539e+00 
 1.11100000e+03  1.59928169e+00 
 1.11200000e+03  1.54283467e+00 
 1.11300000e+03  1.25005134e+00 
 1.11400000e+03  1.26339969e+00 
 1.11500000e+03  1.81155478e+00 
 1.11600000e+03  1.16641539e+00 
 1.11700000e+03  1.77644484e+00 
 1.11800000e+03  1.49901064e+00 
 1.11900000e+03  1.15093584e+00 
 1.12000000e+03  1.56933455e+00 
 1.12100000e+03  2.12169801e+00 
 1.12200000e+03  2.68219421e+00 
 1.12300000e+03  3.21666472e+00 
 1.12400000e+03  4.31761292e+00 
 1.12500000e+03  5.51842089e+00 
 1.12600000e+03  3.62236503e+00 
 1.12700000e+03  4.43204346e+00 
 1.12800000e+03  3.26375648e+00 
 1.12900000e+03  4.56826746e+00 
 1.13000000e+03  4.71941954e+00 
 1.13100000e+03  3.62633608e+00 
 1.13200000e+03  1.74410955e+00 
 1.13300000e+03  2.10193898e+00 
 1.13400000e+03  2.08313884e+00 
 1.13500000e+03  2.08496848e+00 
 1.13600000e+03  2.03271594e+00 
 1.13700000e+03  2.29730458e+00 
 1.13800000e+03  2.63342056e+00 
 1.13900000e+03  3.20505099e+00 
 1.14000000e+03  3.47242201e+00 
 1.14100000e+03  3.73551567e+00 
 1.14200000e+03  1.95850552e+00 
 1.14300000e+03  2.73335830e+00 
 1.14400000e+03  3.17899537e+00 
 1.14500000e+03  2.06654661e+00 
 1.14600000e+03  1.46572077e+00 
 1.14700000e+03  1.27930451e+00 
 1.14800000e+03  1.91640853e+00 
 1.14900000e+03  1.35672718e+00 
 1.15000000e+03  1.76583661e+00 
 1.15100000e+03  1.11573830e+00 
 1.15200000e+03  1.68824368e+00 
 1.15300000e+03  1.55244817e+00 
 1.15400000e+03  1.98029210e+00 
 1.15500000e+03  1.59818410e+00 
 1.15600000e+03  1.78798811e+00 
 1.15700000e+03  2.02944475e+00 
 1.15800000e+03  1.76475162e+00 
 1.15900000e+03  1.57346627e+00 
 1.16000000e+03  1.41860912e+00 
 1.16100000e+03  1.38985137e+00 
 1.16200000e+03  1.30213848e+00 
 1.16300000e+03  9.31838139e-01 
 1.16400000e+03  1.24674138e+00 
 1.16500000e+03  9.83519748e-01 
 1.16600000e+03  8.27048970e-01 
 1.16700000e+03  1.16784387e+00 
 1.16800000e+03  1.28265562e+00 
 1.16900000e+03  1.01653108e+00 
 1.17000000e+03  1.29209836e+00 
 1.17100000e+03  1.26379734e+00 
 1.17200000e+03  1.30199164e+00 
 1.17300000e+03  2.02702705e+00 
 1.17400000e+03  1.86189077e+00 
 1.17500000e+03  2.90484567e+00 
 1.17600000e+03  3.15866289e+00 
 1.17700000e+03  2.55788677e+00 
 1.17800000e+03  1.83317503e+00 
 1.17900000e+03  1.80232793e+00 
 1.18000000e+03  2.51778706e+00 
 1.18100000e+03  2.27648021e+00 
 1.18200000e+03  2.00851993e+00 
 1.18300000e+03  1.97250407e+00 
 1.18400000e+03  2.29961551e+00 
 1.18500000e+03  1.51875204e+00 
 1.18600000e+03  1.22237243e+00 
 1.18700000e+03  1.15316658e+00 
 1.18800000e+03  1.26414787e+00 
 1.18900000e+03  1.23551932e+00 
 1.19000000e+03  1.17494322e+00 
 1.19100000e+03  1.02903083e+00 
 1.19200000e+03  1.65543832e+00 
 1.19300000e+03  1.10129978e+00 
 1.19400000e+03  1.03310715e+00 
 1.19500000e+03  1.04617480e+00 
 1.19600000e+03  8.68635048e-01 
 1.19700000e+03  6.23168380e-01 
 1.19800000e+03  7.59991013e-01 
 1.19900000e+03  1.08066117e+00 
 1.20000000e+03  1.01430596e+00 
 1.20100000e+03  7.88145947e-01 
 1.20200000e+03  1.03970972e+00 
 1.20300000e+03  1.08203471e+00 
 1.20400000e+03  1.07855566e+00 
 1.20500000e+03  1.18579855e+00 
 1.20600000e+03  1.10751737e+00 
 1.20700000e+03  1.28528223e+00 
 1.20800000e+03  8.94432483e-01 
 1.20900000e+03  1.00981821e+00 
 1.21000000e+03  7.57707719e-01 
 1.21100000e+03  1.31892184e+00 
 1.21200000e+03  1.27489675e+00 
 1.21300000e+03  1.09972770e+00 
 1.21400000e+03  1.05786626e+00 
 1.21500000e+03  1.02049493e+00 
 1.21600000e+03  8.72026683e-01 
 1.21700000e+03  9.85506664e-01 
 1.21800000e+03  9.43965533e-01 
 1.21900000e+03  1.18992889e+00 
 1.22000000e+03  1.20391866e+00 
 1.22100000e+03  1.45565539e+00 
 1.22200000e+03  1.25509036e+00 
 1.22300000e+03  1.07527819e+00 
 1.22400000e+03  9.86396640e-01 
 1.22500000e+03  1.02672599e+00 
 1.22600000e+03  1.21061689e+00 
 1.22700000e+03  1.35194237e+00 
 1.22800000e+03  1.49666159e+00 
 1.22900000e+03  1.25024917e+00 
 1.23000000e+03  1.49412683e+00 
 1.23100000e+03  1.77950270e+00 
 1.23200000e+03  1.86858241e+00 
 1.23300000e+03  1.54343538e+00 
 1.23400000e+03  1.66532581e+00 
 1.23500000e+03  1.56030053e+00 
 1.23600000e+03  2.00950720e+00 
 1.23700000e+03  2.39733956e+00 
 1.23800000e+03  1.93139070e+00 
 1.23900000e+03  1.47633851e+00 
 1.24000000e+03  1.47504549e+00 
 1.24100000e+03  1.12070040e+00 
 1.24200000e+03  1.38999199e+00 
 1.24300000e+03  1.17234266e+00 
 1.24400000e+03  1.41312035e+00 
 1.24500000e+03  1.15593306e+00 
 1.24600000e+03  1.11473108e+00 
 1.24700000e+03  1.43160742e+00 
 1.24800000e+03  1.54565102e+00 
 1.24900000e+03  1.55433733e+00 
 1.25000000e+03  1.21727922e+00 
 1.25100000e+03  1.54778878e+00 
 1.25200000e+03  1.80925514e+00 
 1.25300000e+03  1.15292675e+00 
 1.25400000e+03  1.37326169e+00 
 1.25500000e+03  9.55353866e-01 
 1.25600000e+03  9.96596672e-01 
 1.25700000e+03  1.21776362e+00 
 1.25800000e+03  1.01618337e+00 
 1.25900000e+03  1.01748163e+00 
 1.26000000e+03  1.06051454e+00 
 1.26100000e+03  1.16466018e+00 
 1.26200000e+03  1.59515878e+00 
 1.26300000e+03  1.21259430e+00 
 1.26400000e+03  1.17333974e+00 
 1.26500000e+03  1.12720841e+00 
 1.26600000e+03  1.49184866e+00 
 1.26700000e+03  8.50061783e-01 
 1.26800000e+03  1.49474051e+00 
 1.26900000e+03  1.82998970e+00 
 1.27000000e+03  1.36686852e+00 
 1.27100000e+03  1.36338698e+00 
 1.27200000e+03  1.63089247e+00 
 1.27300000e+03  1.40060874e+00 
 1.27400000e+03  1.92560717e+00 
 1.27500000e+03  1.97024053e+00 
 1.27600000e+03  2.02120403e+00 
 1.27700000e+03  2.29352106e+00 
 1.27800000e+03  1.71015669e+00 
 1.27900000e+03  1.63869129e+00 
 1.28000000e+03  1.26398475e+00 
 1.28100000e+03  1.69337233e+00 
 1.28200000e+03  2.12497846e+00 
 1.28300000e+03  2.01362430e+00 
 1.28400000e+03  2.47670632e+00 
 1.28500000e+03  2.17037255e+00 
 1.28600000e+03  1.46150921e+00 
 1.28700000e+03  1.61900996e+00 
 1.28800000e+03  2.01699169e+00 
 1.28900000e+03  2.43364603e+00 
 1.29000000e+03  1.92843524e+00 
 1.29100000e+03  1.74012205e+00 
 1.29200000e+03  2.07050230e+00 
 1.29300000e+03  2.26424329e+00 
 1.29400000e+03  2.24573086e+00 
 1.29500000e+03  1.78239061e+00 
 1.29600000e+03  2.38954240e+00 
 1.29700000e+03  1.81307367e+00 
 1.29800000e+03  1.19375508e+00 
 1.29900000e+03  1.01892288e+00 
 1.30000000e+03  9.80757275e-01 
 1.30100000e+03  1.87585625e+00 
 1.30200000e+03  1.58429425e+00 
 1.30300000e+03  3.49882655e+00 
 1.30400000e+03  3.32258231e+00 
 1.30500000e+03  2.23561641e+00 
 1.30600000e+03  1.44921506e+00 
 1.30700000e+03  1.11633892e+00 
 1.30800000e+03  9.13147237e-01 
 1.30900000e+03  1.28198114e+00 
 1.31000000e+03  1.67052432e+00 
 1.31100000e+03  2.11751644e+00 
 1.31200000e+03  1.85287114e+00 
 1.31300000e+03  2.10633326e+00 
 1.31400000e+03  1.48106496e+00 
 1.31500000e+03  1.88911605e+00 
 1.31600000e+03  1.55088158e+00 
 1.31700000e+03  2.08203042e+00 
 1.31800000e+03  1.30997293e+00 
 1.31900000e+03  2.05278526e+00 
 1.32000000e+03  1.63929893e+00 
 1.32100000e+03  2.01945326e+00 
 1.32200000e+03  1.71745058e+00 
 1.32300000e+03  2.36148429e+00 
 1.32400000e+03  2.39742131e+00 
 1.32500000e+03  3.67314189e+00 
 1.32600000e+03  2.29702243e+00 
 1.32700000e+03  3.58780068e+00 
 1.32800000e+03  3.42623522e+00 
 1.32900000e+03  3.28979151e+00 
 1.33000000e+03  3.41455517e+00 
 1.33100000e+03  2.66962215e+00 
 1.33200000e+03  2.58615633e+00 
 1.33300000e+03  1.86037020e+00 
 1.33400000e+03  1.98827650e+00 
 1.33500000e+03  3.37387023e+00 
 1.33600000e+03  3.55298018e+00 
 1.33700000e+03  3.28101405e+00 
 1.33800000e+03  3.58640382e+00 
 1.33900000e+03  3.45641632e+00 
 1.34000000e+03  2.45548382e+00 
 1.34100000e+03  2.96744767e+00 
 1.34200000e+03  2.03228875e+00 
 1.34300000e+03  1.69719162e+00 
 1.34400000e+03  1.55544093e+00 
 1.34500000e+03  1.88226422e+00 
 1.34600000e+03  2.39900486e+00 
 1.34700000e+03  2.06955140e+00 
 1.34800000e+03  1.95603672e+00 
 1.34900000e+03  1.30784602e+00 
 1.35000000e+03  1.10011740e+00 
 1.35100000e+03  1.21619452e+00 
 1.35200000e+03  9.47400006e-01 
 1.35300000e+03  1.15546584e+00 
 1.35400000e+03  9.94490934e-01 
 1.35500000e+03  1.03983433e+00 
 1.35600000e+03  8.45356732e-01 
 1.35700000e+03  8.78922742e-01 
 1.35800000e+03  9.33390113e-01 
 1.35900000e+03  9.13404960e-01 
 1.36000000e+03  1.52672855e+00 
 1.36100000e+03  1.90210467e+00 
 1.36200000e+03  1.73369368e+00 
 1.36300000e+03  1.56230924e+00 
 1.36400000e+03  2.45668163e+00 
 1.36500000e+03  1.95694326e+00 
 1.36600000e+03  1.37820251e+00 
 1.36700000e+03  1.30491755e+00 
 1.36800000e+03  1.09241291e+00 
 1.36900000e+03  1.45562367e+00 
 1.37000000e+03  1.56823889e+00 
 1.37100000e+03  1.71061979e+00 
 1.37200000e+03  1.82533703e+00 
 1.37300000e+03  2.20790317e+00 
 1.37400000e+03  1.79666988e+00 
 1.37500000e+03  1.42687064e+00 
 1.37600000e+03  8.88070809e-01 
 1.37700000e+03  1.54876510e+00 
 1.37800000e+03  1.03455099e+00 
 1.37900000e+03  8.85606646e-01 
 1.38000000e+03  1.00835481e+00 
 1.38100000e+03  6.90918861e-01 
 1.38200000e+03  1.49962319e+00 
 1.38300000e+03  1.66766747e+00 
 1.38400000e+03  1.44602282e+00 
 1.38500000e+03  1.51878592e+00 
 1.38600000e+03  2.00756281e+00 
 1.38700000e+03  1.26894201e+00 
 1.38800000e+03  1.15765367e+00 
 1.38900000e+03  1.22351959e+00 
 1.39000000e+03  1.35315247e+00 
 1.39100000e+03  1.24032124e+00 
 1.39200000e+03  1.05352944e+00 
 1.39300000e+03  1.12998009e+00 
 1.39400000e+03  1.40755350e+00 
 1.39500000e+03  1.49749098e+00 
 1.39600000e+03  1.59615455e+00 
 1.39700000e+03  1.41971985e+00 
 1.39800000e+03  1.70152336e+00 
 1.39900000e+03  1.31793600e+00 
 1.40000000e+03  1.65767412e+00 
 1.40100000e+03  2.01084087e+00 
 1.40200000e+03  1.68759707e+00 
 1.40300000e+03  1.27966568e+00 
 1.40400000e+03  1.34347399e+00 
 1.40500000e+03  1.14145724e+00 
 1.40600000e+03  1.62239667e+00 
 1.40700000e+03  1.08564256e+00 
 1.40800000e+03  1.24314832e+00 
 1.40900000e+03  1.56242903e+00 
 1.41000000e+03  2.01056063e+00 
 1.41100000e+03  1.90544773e+00 
 1.41200000e+03  1.95670600e+00 
 1.41300000e+03  2.02521544e+00 
 1.41400000e+03  1.82021451e+00 
 1.41500000e+03  1.69382802e+00 
 1.41600000e+03  2.52421539e+00 
 1.41700000e+03  2.96079200e+00 
 1.41800000e+03  2.32076356e+00 
 1.41900000e+03  1.72631535e+00 
 1.42000000e+03  1.65297006e+00 
 1.42100000e+03  1.82728750e+00 
 1.42200000e+03  1.36152442e+00 
 1.42300000e+03  2.15412066e+00 
 1.42400000e+03  1.29288325e+00 
 1.42500000e+03  1.55525076e+00 
 1.42600000e+03  1.38172063e+00 
 1.42700000e+03  1.19772101e+00 
 1.42800000e+03  1.30789021e+00 
 1.42900000e+03  1.56048487e+00 
 1.43000000e+03  1.11551748e+00 
 1.43100000e+03  1.20690429e+00 
 1.43200000e+03  1.16637853e+00 
 1.43300000e+03  9.08706299e-01 
 1.43400000e+03  1.67634681e+00 
 1.43500000e+03  1.77396327e+00 
 1.43600000e+03  2.26992177e+00 
 1.43700000e+03  2.61823255e+00 
 1.43800000e+03  2.24026314e+00 
 1.43900000e+03  2.73655792e+00 
 1.44000000e+03  3.68876848e+00 
 1.44100000e+03  2.67587819e+00 
 1.44200000e+03  3.40742001e+00 
 1.44300000e+03  2.12337954e+00 
 1.44400000e+03  2.64975778e+00 
 1.44500000e+03  3.59541041e+00 
 1.44600000e+03  3.39826041e+00 
 1.44700000e+03  4.57674758e+00 
 1.44800000e+03  1.76656160e+00 
 1.44900000e+03  1.74577673e+00 
 1.45000000e+03  2.18455220e+00 
 1.45100000e+03  1.36116879e+00 
 1.45200000e+03  1.54045898e+00 
 1.45300000e+03  2.94224481e+00 
 1.45400000e+03  2.87725615e+00 
 1.45500000e+03  2.46639658e+00 
 1.45600000e+03  2.93095164e+00 
 1.45700000e+03  2.82209647e+00 
 1.45800000e+03  1.91109711e+00 
 1.45900000e+03  1.65825063e+00 
 1.46000000e+03  1.65315112e+00 
 1.46100000e+03  1.79599692e+00 
 1.46200000e+03  1.83931220e+00 
 1.46300000e+03  2.76902941e+00 
 1.46400000e+03  2.48500908e+00 
 1.46500000e+03  1.94814516e+00 
 1.46600000e+03  2.19222610e+00 
 1.46700000e+03  2.73528852e+00 
 1.46800000e+03  3.14769475e+00 
 1.46900000e+03  2.63892902e+00 
 1.47000000e+03  4.37990480e+00 
 1.47100000e+03  4.79308770e+00 
 1.47200000e+03  2.73804875e+00 
 1.47300000e+03  3.53624983e+00 
 1.47400000e+03  3.05839446e+00 
 1.47500000e+03  2.45379170e+00 
 1.47600000e+03  2.27811009e+00 
 1.47700000e+03  1.85208546e+00 
 1.47800000e+03  2.19866673e+00 
 1.47900000e+03  3.04478306e+00 
 1.48000000e+03  2.18671172e+00 
 1.48100000e+03  2.77938154e+00 
 1.48200000e+03  1.65715538e+00 
 1.48300000e+03  2.44075876e+00 
 1.48400000e+03  2.95163992e+00 
 1.48500000e+03  2.13054269e+00 
 1.48600000e+03  2.92815735e+00 
 1.48700000e+03  2.00504115e+00 
 1.48800000e+03  2.60109672e+00 
 1.48900000e+03  3.48023729e+00 
 1.49000000e+03  2.69852994e+00 
 1.49100000e+03  3.50449654e+00 
 1.49200000e+03  4.13346386e+00 
 1.49300000e+03  4.16823632e+00 
 1.49400000e+03  4.80203282e+00 
 1.49500000e+03  4.74289840e+00 
 1.49600000e+03  4.72948388e+00 
 1.49700000e+03  6.30152842e+00 
 1.49800000e+03  3.94718267e+00 
 1.49900000e+03  2.33383017e+00 
 1.50000000e+03  2.12850630e+00 
 1.50100000e+03  2.11299372e+00 
 1.50200000e+03  1.91124520e+00 
 1.50300000e+03  1.80921967e+00 
 1.50400000e+03  1.40106693e+00 
 1.50500000e+03  1.57297937e+00 
 1.50600000e+03  2.04177915e+00 
 1.50700000e+03  2.09967338e+00 
 1.50800000e+03  1.77360257e+00 
 1.50900000e+03  2.41557784e+00 
 1.51000000e+03  2.28189446e+00 
 1.51100000e+03  2.46734373e+00 
 1.51200000e+03  2.81223252e+00 
 1.51300000e+03  1.77735975e+00 
 1.51400000e+03  3.57184492e+00 
 1.51500000e+03  4.01701754e+00 
 1.51600000e+03  2.27109642e+00 
 1.51700000e+03  2.06816665e+00 
 1.51800000e+03  1.97449183e+00 
 1.51900000e+03  1.79609976e+00 
 1.52000000e+03  1.49656816e+00 
 1.52100000e+03  1.44840883e+00 
 1.52200000e+03  1.42629772e+00 
 1.52300000e+03  1.20424320e+00 
 1.52400000e+03  1.58415793e+00 
 1.52500000e+03  1.18776236e+00 
 1.52600000e+03  1.74359943e+00 
 1.52700000e+03  2.01134983e+00 
 1.52800000e+03  2.80206714e+00 
 1.52900000e+03  2.36177607e+00 
 1.53000000e+03  2.64424305e+00 
 1.53100000e+03  2.73435228e+00 
 1.53200000e+03  1.95048488e+00 
 1.53300000e+03  2.82883169e+00 
 1.53400000e+03  2.37873538e+00 
 1.53500000e+03  3.35267404e+00 
 1.53600000e+03  2.47634964e+00 
 1.53700000e+03  1.83304671e+00 
 1.53800000e+03  1.61269853e+00 
 1.53900000e+03  2.37296985e+00 
 1.54000000e+03  2.18141270e+00 
 1.54100000e+03  1.44878811e+00 
 1.54200000e+03  3.90960956e+00 
 1.54300000e+03  2.70623968e+00 
 1.54400000e+03  4.35861310e+00 
 1.54500000e+03  7.11637382e+00 
 1.54600000e+03  7.89666758e+00 
 1.54700000e+03  7.14643801e+00 
 1.54800000e+03  4.55087058e+00 
 1.54900000e+03  3.08425865e+00 
 1.55000000e+03  4.96494883e+00 
 1.55100000e+03  3.82485412e+00 
 1.55200000e+03  4.29087105e+00 
 1.55300000e+03  3.27161943e+00 
 1.55400000e+03  2.94295878e+00 
 1.55500000e+03  3.35705886e+00 
 1.55600000e+03  4.46059462e+00 
 1.55700000e+03  4.18543067e+00 
 1.55800000e+03  3.36209782e+00 
 1.55900000e+03  2.55312614e+00 
 1.56000000e+03  2.45277296e+00 
 1.56100000e+03  2.02416720e+00 
 1.56200000e+03  2.49418282e+00 
 1.56300000e+03  2.26247012e+00 
 1.56400000e+03  2.41509347e+00 
 1.56500000e+03  2.47152397e+00 
 1.56600000e+03  2.14232690e+00 
 1.56700000e+03  1.08723704e+00 
 1.56800000e+03  1.69268049e+00 
 1.56900000e+03  9.62890967e-01 
 1.57000000e+03  1.24451204e+00 
 1.57100000e+03  1.87922173e+00 
 1.57200000e+03  1.07421718e+00 
 1.57300000e+03  1.50886108e+00 
 1.57400000e+03  9.57152196e-01 
 1.57500000e+03  1.40265871e+00 
 1.57600000e+03  9.64850476e-01 
 1.57700000e+03  1.08500616e+00 
 1.57800000e+03  8.18425393e-01 
 1.57900000e+03  8.81601755e-01 
 1.58000000e+03  1.15722511e+00 
 1.58100000e+03  1.65887890e+00 
 1.58200000e+03  1.33216251e+00 
 1.58300000e+03  1.08283702e+00 
 1.58400000e+03  7.05495254e-01 
 1.58500000e+03  8.65157794e-01 
 1.58600000e+03  1.08947776e+00 
 1.58700000e+03  1.09370872e+00 
 1.58800000e+03  1.06000346e+00 
 1.58900000e+03  1.06039836e+00 
 1.59000000e+03  1.09736776e+00 
 1.59100000e+03  9.72601851e-01 
 1.59200000e+03  7.04800148e-01 
 1.59300000e+03  1.11032967e+00 
 1.59400000e+03  1.77009622e+00 
 1.59500000e+03  8.80186517e-01 
 1.59600000e+03  8.29732221e-01 
 1.59700000e+03  1.07094086e+00 
 1.59800000e+03  1.13219999e+00 
 1.59900000e+03  8.91180135e-01 
 1.60000000e+03  9.31320483e-01 
 1.60100000e+03  1.08692277e+00 
 1.60200000e+03  1.45532777e+00 
 1.60300000e+03  1.24799232e+00 
 1.60400000e+03  1.81361530e+00 
 1.60500000e+03  1.18292050e+00 
 1.60600000e+03  1.41883718e+00 
 1.60700000e+03  1.78992573e+00 
 1.60800000e+03  1.89646889e+00 
 1.60900000e+03  1.83893228e+00 
 1.61000000e+03  2.74196639e+00 
 1.61100000e+03  3.33954888e+00 
 1.61200000e+03  2.48672879e+00 
 1.61300000e+03  3.41488826e+00 
 1.61400000e+03  2.79379629e+00 
 1.61500000e+03  2.07445512e+00 
 1.61600000e+03  1.65740285e+00 
 1.61700000e+03  2.89627955e+00 
 1.61800000e+03  2.36466289e+00 
 1.61900000e+03  2.55057313e+00 
 1.62000000e+03  3.15249753e+00 
 1.62100000e+03  4.12847645e+00 
 1.62200000e+03  2.66713848e+00 
 1.62300000e+03  2.34836742e+00 
 1.62400000e+03  2.61258833e+00 
 1.62500000e+03  2.41286559e+00 
 1.62600000e+03  2.69077795e+00 
 1.62700000e+03  1.94172113e+00 
 1.62800000e+03  2.93651462e+00 
 1.62900000e+03  2.60368807e+00 
 1.63000000e+03  3.48591119e+00 
 1.63100000e+03  1.86349671e+00 
 1.63200000e+03  1.85061224e+00 
 1.63300000e+03  1.38404495e+00 
 1.63400000e+03  1.24996909e+00 
 1.63500000e+03  2.75878868e+00 
 1.63600000e+03  2.84225011e+00 
 1.63700000e+03  2.89325312e+00 
 1.63800000e+03  3.69293939e+00 
 1.63900000e+03  1.48473007e+00 
 1.64000000e+03  1.07834278e+00 
 1.64100000e+03  9.20588800e-01 
 1.64200000e+03  1.25797457e+00 
 1.64300000e+03  1.07054430e+00 
 1.64400000e+03  1.42663421e+00 
 1.64500000e+03  1.74436526e+00 
 1.64600000e+03  1.35326620e+00 
 1.64700000e+03  1.73405919e+00 
 1.64800000e+03  1.95475633e+00 
 1.64900000e+03  1.89206796e+00 
 1.65000000e+03  1.79702949e+00 
 1.65100000e+03  1.89894855e+00 
 1.65200000e+03  1.23602092e+00 
 1.65300000e+03  1.27082137e+00 
 1.65400000e+03  1.21543721e+00 
 1.65500000e+03  1.69578388e+00 
 1.65600000e+03  1.75188449e+00 
 1.65700000e+03  2.04141434e+00 
 1.65800000e+03  2.07190749e+00 
 1.65900000e+03  1.58741750e+00 
 1.66000000e+03  1.30780361e+00 
 1.66100000e+03  1.70364164e+00 
 1.66200000e+03  2.53756852e+00 
 1.66300000e+03  1.75101396e+00 
 1.66400000e+03  1.68241198e+00 
 1.66500000e+03  2.34210217e+00 
 1.66600000e+03  3.03249202e+00 
 1.66700000e+03  1.98544217e+00 
 1.66800000e+03  2.79305831e+00 
 1.66900000e+03  2.54478198e+00 
 1.67000000e+03  2.17238046e+00 
 1.67100000e+03  1.92050304e+00 
 1.67200000e+03  1.72591740e+00 
 1.67300000e+03  2.16978697e+00 
 1.67400000e+03  2.52908640e+00 
 1.67500000e+03  2.69402217e+00 
 1.67600000e+03  1.46046201e+00 
 1.67700000e+03  1.16625849e+00 
 1.67800000e+03  1.07594140e+00 
 1.67900000e+03  1.63251864e+00 
 1.68000000e+03  1.53663282e+00 
 1.68100000e+03  1.78570346e+00 
 1.68200000e+03  2.05393389e+00 
 1.68300000e+03  1.74869104e+00 
 1.68400000e+03  1.28421347e+00 
 1.68500000e+03  2.15180800e+00 
 1.68600000e+03  1.40786142e+00 
 1.68700000e+03  1.29039776e+00 
 1.68800000e+03  9.64328184e-01 
 1.68900000e+03  7.71483076e-01 
 1.69000000e+03  1.05682801e+00 
 1.69100000e+03  1.24204860e+00 
 1.69200000e+03  9.01747976e-01 
 1.69300000e+03  1.08632524e+00 
 1.69400000e+03  1.07737045e+00 
 1.69500000e+03  1.11789066e+00 
 1.69600000e+03  9.42569708e-01 
 1.69700000e+03  1.06149031e+00 
 1.69800000e+03  1.34205795e+00 
 1.69900000e+03  1.56031143e+00 
 1.70000000e+03  1.87220281e+00 
 1.70100000e+03  1.51946506e+00 
 1.70200000e+03  9.99373617e-01 
 1.70300000e+03  1.72751569e+00 
 1.70400000e+03  1.61728459e+00 
 1.70500000e+03  1.36287578e+00 
 1.70600000e+03  2.35707355e+00 
 1.70700000e+03  1.77150361e+00 
 1.70800000e+03  2.03752740e+00 
 1.70900000e+03  1.86205291e+00 
 1.71000000e+03  1.49378455e+00 
 1.71100000e+03  1.40196973e+00 
 1.71200000e+03  1.79042098e+00 
 1.71300000e+03  1.81311133e+00 
 1.71400000e+03  2.70395255e+00 
 1.71500000e+03  2.33014105e+00 
 1.71600000e+03  2.58292535e+00 
 1.71700000e+03  2.47389459e+00 
 1.71800000e+03  2.21470739e+00 
 1.71900000e+03  2.95653775e+00 
 1.72000000e+03  3.21864570e+00 
 1.72100000e+03  2.46067698e+00 
 1.72200000e+03  3.46473135e+00 
 1.72300000e+03  2.99514886e+00 
 1.72400000e+03  3.87457078e+00 
 1.72500000e+03  2.70598393e+00 
 1.72600000e+03  2.77274047e+00 
 1.72700000e+03  5.07191685e+00 
 1.72800000e+03  4.17889087e+00 
 1.72900000e+03  3.03369315e+00 
 1.73000000e+03  2.09050062e+00 
 1.73100000e+03  2.90450747e+00 
 1.73200000e+03  5.52040527e+00 
 1.73300000e+03  3.22935717e+00 
 1.73400000e+03  3.56690102e+00 
 1.73500000e+03  2.42408897e+00 
 1.73600000e+03  1.92677530e+00 
 1.73700000e+03  1.75582803e+00 
 1.73800000e+03  1.30534928e+00 
 1.73900000e+03  1.26048618e+00 
 1.74000000e+03  9.64395866e-01 
 1.74100000e+03  1.58780863e+00 
 1.74200000e+03  1.44361156e+00 
 1.74300000e+03  1.57395532e+00 
 1.74400000e+03  1.16494744e+00 
 1.74500000e+03  1.25141404e+00 
 1.74600000e+03  1.63169501e+00 
 1.74700000e+03  1.92783456e+00 
 1.74800000e+03  1.61233806e+00 
 1.74900000e+03  1.77257530e+00 
 1.75000000e+03  1.22658543e+00 
 1.75100000e+03  9.95728387e-01 
 1.75200000e+03  1.17088982e+00 
 1.75300000e+03  9.81412413e-01 
 1.75400000e+03  9.01319642e-01 
 1.75500000e+03  1.03947977e+00 
 1.75600000e+03  1.43111751e+00 
 1.75700000e+03  8.89446820e-01 
 1.75800000e+03  1.17531629e+00 
 1.75900000e+03  1.30846599e+00 
 1.76000000e+03  1.14874260e+00 
 1.76100000e+03  7.76127250e-01 
 1.76200000e+03  9.34963402e-01 
 1.76300000e+03  1.15897474e+00 
 1.76400000e+03  1.43444487e+00 
 1.76500000e+03  1.14324475e+00 
 1.76600000e+03  1.25866497e+00 
 1.76700000e+03  1.27836545e+00 
 1.76800000e+03  6.73633258e-01 
 1.76900000e+03  9.94516238e-01 
 1.77000000e+03  1.04989163e+00 
 1.77100000e+03  1.20188165e+00 
 1.77200000e+03  1.18562370e+00 
 1.77300000e+03  7.71865978e-01 
 1.77400000e+03  1.05726808e+00 
 1.77500000e+03  9.23794182e-01 
 1.77600000e+03  8.62680737e-01 
 1.77700000e+03  1.05982369e+00 
 1.77800000e+03  9.26204385e-01 
 1.77900000e+03  1.29095572e+00 
 1.78000000e+03  6.39411413e-01 
 1.78100000e+03  7.91259914e-01 
 1.78200000e+03  7.79914332e-01 
 1.78300000e+03  8.23622734e-01 
 1.78400000e+03  9.78062138e-01 
 1.78500000e+03  8.78152542e-01 
 1.78600000e+03  9.70453649e-01 
 1.78700000e+03  1.17766919e+00 
 1.78800000e+03  9.94165707e-01 
 1.78900000e+03  1.15603971e+00 
 1.79000000e+03  1.01272577e+00 
 1.79100000e+03  5.29064338e-01 
 1.79200000e+03  1.12438809e+00 
 1.79300000e+03  1.25569979e+00 
 1.79400000e+03  8.70613732e-01 
 1.79500000e+03  8.34307825e-01 
 1.79600000e+03  6.71927363e-01 
 1.79700000e+03  6.56167750e-01 
 1.79800000e+03  4.99991525e-01 
 1.79900000e+03  8.11863300e-01 
 1.80000000e+03  7.03750693e-01 
 1.80100000e+03  8.43157834e-01 
 1.80200000e+03  7.60211770e-01 
 1.80300000e+03  6.05120467e-01 
 1.80400000e+03  7.34242414e-01 
 1.80500000e+03  7.87874312e-01 
 1.80600000e+03  7.88025618e-01 
 1.80700000e+03  1.19756772e+00 
 1.80800000e+03  8.24159594e-01 
 1.80900000e+03  6.32200008e-01 
 1.81000000e+03  8.14182930e-01 
 1.81100000e+03  8.20435296e-01 
 1.81200000e+03  6.87609351e-01 
 1.81300000e+03  6.02134468e-01 
 1.81400000e+03  5.63225419e-01 
 1.81500000e+03  7.88407601e-01 
 1.81600000e+03  1.01398844e+00 
 1.81700000e+03  8.55933176e-01 
 1.81800000e+03  1.08460569e+00 
 1.81900000e+03  8.87615485e-01 
 1.82000000e+03  9.65612477e-01 
 1.82100000e+03  1.07941106e+00 
 1.82200000e+03  1.29625738e+00 
 1.82300000e+03  1.00186763e+00 
 1.82400000e+03  8.05269394e-01 
 1.82500000e+03  1.21826446e+00 
 1.82600000e+03  7.27367443e-01 
 1.82700000e+03  7.67534529e-01 
 1.82800000e+03  6.77212487e-01 
 1.82900000e+03  7.19529384e-01 
 1.83000000e+03  6.34389035e-01 
 1.83100000e+03  5.91262264e-01 
 1.83200000e+03  5.25019534e-01 
 1.83300000e+03  7.19352522e-01 
 1.83400000e+03  7.14386900e-01 
 1.83500000e+03  6.15538727e-01 
 1.83600000e+03  9.11029398e-01 
 1.83700000e+03  9.12648693e-01 
 1.83800000e+03  7.93674100e-01 
 1.83900000e+03  8.51849037e-01 
 1.84000000e+03  9.43345565e-01 
 1.84100000e+03  1.70598461e+00 
 1.84200000e+03  9.48564435e-01 
 1.84300000e+03  1.23358047e+00 
 1.84400000e+03  8.57237549e-01 
 1.84500000e+03  9.08568727e-01 
 1.84600000e+03  1.09777439e+00 
 1.84700000e+03  1.08748161e+00 
 1.84800000e+03  9.44387468e-01 
 1.84900000e+03  1.19241908e+00 
 1.85000000e+03  1.13973941e+00 
 1.85100000e+03  1.16249001e+00 
 1.85200000e+03  1.57675850e+00 
 1.85300000e+03  1.51771724e+00 
 1.85400000e+03  1.58497082e+00 
 1.85500000e+03  2.01574128e+00 
 1.85600000e+03  1.14321658e+00 
 1.85700000e+03  1.24916326e+00 
 1.85800000e+03  1.42876021e+00 
 1.85900000e+03  1.20973573e+00 
 1.86000000e+03  1.22426019e+00 
 1.86100000e+03  1.75301806e+00 
 1.86200000e+03  1.47686419e+00 
 1.86300000e+03  1.61368859e+00 
 1.86400000e+03  1.30961515e+00 
 1.86500000e+03  1.83591987e+00 
 1.86600000e+03  1.86675818e+00 
 1.86700000e+03  1.56257137e+00 
 1.86800000e+03  9.70604540e-01 
 1.86900000e+03  1.39536984e+00 
 1.87000000e+03  1.45419472e+00 
 1.87100000e+03  1.72787697e+00 
 1.87200000e+03  1.35920937e+00 
 1.87300000e+03  1.54298280e+00 
 1.87400000e+03  1.26568311e+00 
 1.87500000e+03  1.36668036e+00 
 1.87600000e+03  9.21759993e-01 
 1.87700000e+03  1.55780859e+00 
 1.87800000e+03  1.85656140e+00 
 1.87900000e+03  1.70691142e+00 
 1.88000000e+03  1.57687774e+00 
 1.88100000e+03  2.22648796e+00 
 1.88200000e+03  1.59322371e+00 
 1.88300000e+03  1.59440527e+00 
 1.88400000e+03  1.73368489e+00 
 1.88500000e+03  1.61187805e+00 
 1.88600000e+03  1.67197506e+00 
 1.88700000e+03  1.45315623e+00 
 1.88800000e+03  1.49629182e+00 
 1.88900000e+03  2.08227176e+00 
 1.89000000e+03  1.65536182e+00 
 1.89100000e+03  1.39064385e+00 
 1.89200000e+03  1.05070185e+00 
 1.89300000e+03  1.65492360e+00 
 1.89400000e+03  1.27638547e+00 
 1.89500000e+03  1.58658489e+00 
 1.89600000e+03  1.52802419e+00 
 1.89700000e+03  1.49836477e+00 
 1.89800000e+03  1.60562304e+00 
 1.89900000e+03  1.55150722e+00 
 1.90000000e+03  1.60648190e+00 
 1.90100000e+03  2.14053006e+00 
 1.90200000e+03  2.86018128e+00 
 1.90300000e+03  2.96757985e+00 
 1.90400000e+03  3.85846902e+00 
 1.90500000e+03  3.26994517e+00 
 1.90600000e+03  2.05781243e+00 
 1.90700000e+03  2.03160066e+00 
 1.90800000e+03  2.03039689e+00 
 1.90900000e+03  2.16271837e+00 
 1.91000000e+03  2.08906798e+00 
 1.91100000e+03  1.81699657e+00 
 1.91200000e+03  2.06614474e+00 
 1.91300000e+03  1.84038013e+00 
 1.91400000e+03  2.16915058e+00 
 1.91500000e+03  2.03490556e+00 
 1.91600000e+03  2.10116015e+00 
 1.91700000e+03  2.16405874e+00 
 1.91800000e+03  2.34075194e+00 
 1.91900000e+03  2.02038116e+00 
 1.92000000e+03  2.40896485e+00 
 1.92100000e+03  1.91033795e+00 
 1.92200000e+03  1.80064594e+00 
 1.92300000e+03  1.84781766e+00 
 1.92400000e+03  2.44289628e+00 
 1.92500000e+03  1.52839800e+00 
 1.92600000e+03  2.48984073e+00 
 1.92700000e+03  3.21158853e+00 
 1.92800000e+03  2.06434014e+00 
 1.92900000e+03  1.40514154e+00 
 1.93000000e+03  1.60544066e+00 
 1.93100000e+03  1.53725187e+00 
 1.93200000e+03  1.28184598e+00 
 1.93300000e+03  2.14048099e+00 
 1.93400000e+03  3.32209432e+00 
 1.93500000e+03  2.78492668e+00 
 1.93600000e+03  2.20075147e+00 
 1.93700000e+03  2.05314445e+00 
 1.93800000e+03  1.82080311e+00 
 1.93900000e+03  1.74445512e+00 
 1.94000000e+03  1.27301186e+00 
 1.94100000e+03  1.44792457e+00 
 1.94200000e+03  1.28442192e+00 
 1.94300000e+03  1.56007615e+00 
 1.94400000e+03  1.20120143e+00 
 1.94500000e+03  1.57089953e+00 
 1.94600000e+03  1.66655961e+00 
 1.94700000e+03  2.35391307e+00 
 1.94800000e+03  3.58668648e+00 
 1.94900000e+03  2.53223301e+00 
 1.95000000e+03  1.62908324e+00 
 1.95100000e+03  1.82132691e+00 
 1.95200000e+03  2.21999782e+00 
 1.95300000e+03  1.56422098e+00 
 1.95400000e+03  2.51421127e+00 
 1.95500000e+03  2.92324877e+00 
 1.95600000e+03  3.02815995e+00 
 1.95700000e+03  4.86275595e+00 
 1.95800000e+03  3.84102888e+00 
 1.95900000e+03  4.00088440e+00 
 1.96000000e+03  2.49047182e+00 
 1.96100000e+03  2.57140696e+00 
 1.96200000e+03  2.48848423e+00 
 1.96300000e+03  2.24678305e+00 
 1.96400000e+03  1.32397463e+00 
 1.96500000e+03  1.05855736e+00 
 1.96600000e+03  1.72769499e+00 
 1.96700000e+03  1.87719518e+00 
 1.96800000e+03  1.17649244e+00 
 1.96900000e+03  1.23142150e+00 
 1.97000000e+03  1.49401914e+00 
 1.97100000e+03  1.37093500e+00 
 1.97200000e+03  1.06684013e+00 
 1.97300000e+03  1.33273140e+00 
 1.97400000e+03  1.85860073e+00 
 1.97500000e+03  2.04812379e+00 
 1.97600000e+03  2.30418634e+00 
 1.97700000e+03  2.63004313e+00 
 1.97800000e+03  2.17547340e+00 
 1.97900000e+03  3.71892367e+00 
 1.98000000e+03  2.56436813e+00 
 1.98100000e+03  3.58972182e+00 
 1.98200000e+03  2.62460396e+00 
 1.98300000e+03  2.45985766e+00 
 1.98400000e+03  2.77849581e+00 
 1.98500000e+03  1.73965365e+00 
 1.98600000e+03  1.80331395e+00 
 1.98700000e+03  1.57825017e+00 
 1.98800000e+03  1.18196944e+00 
 1.98900000e+03  1.04600621e+00 
 1.99000000e+03  1.84212413e+00 
 1.99100000e+03  3.08393809e+00 
 1.99200000e+03  2.39906954e+00 
 1.99300000e+03  3.65688940e+00 
 1.99400000e+03  2.08736133e+00 
 1.99500000e+03  2.56683160e+00 
 1.99600000e+03  1.92152755e+00 
 1.99700000e+03  1.43792106e+00 
 1.99800000e+03  1.59970892e+00 
 1.99900000e+03  1.22217625e+00 
 2.00000000e+03  1.30659117e+00 
