 1.00000000e+00  5.00000000e-01 
 2.00000000e+00  6.55069085e-01 
 3.00000000e+00  1.01332162e+00 
 4.00000000e+00  8.08102960e-01 
 5.00000000e+00  8.37627319e-01 
 6.00000000e+00  1.01078548e+00 
 7.00000000e+00  6.71686489e-01 
 8.00000000e+00  6.21375995e-01 
 9.00000000e+00  7.43636391e-01 
 1.00000000e+01  7.76581741e-01 
 1.10000000e+01  1.01142815e+00 
 1.20000000e+01  4.64907656e-01 
 1.30000000e+01  1.02655785e+00 
 1.40000000e+01  7.49192710e-01 
 1.50000000e+01  6.58768562e-01 
 1.60000000e+01  7.56405600e-01 
 1.70000000e+01  6.89909432e-01 
 1.80000000e+01  7.52426269e-01 
 1.90000000e+01  8.92128832e-01 
 2.00000000e+01  6.57525726e-01 
 2.10000000e+01  9.53100817e-01 
 2.20000000e+01  1.10478849e+00 
 2.30000000e+01  7.45681820e-01 
 2.40000000e+01  7.47907508e-01 
 2.50000000e+01  8.20166889e-01 
 2.60000000e+01  5.47753488e-01 
 2.70000000e+01  5.79981582e-01 
 2.80000000e+01  4.58022837e-01 
 2.90000000e+01  5.29502672e-01 
 3.00000000e+01  5.33186840e-01 
 3.10000000e+01  4.61546215e-01 
 3.20000000e+01  3.43440413e-01 
 3.30000000e+01  3.99200523e-01 
 3.40000000e+01  3.44366769e-01 
 3.50000000e+01  3.56308841e-01 
 3.60000000e+01  3.22083921e-01 
 3.70000000e+01  2.88694917e-01 
 3.80000000e+01  3.53207965e-01 
 3.90000000e+01  3.66484753e-01 
 4.00000000e+01  5.23553828e-01 
 4.10000000e+01  5.69637119e-01 
 4.20000000e+01  4.61789047e-01 
 4.30000000e+01  4.94729065e-01 
 4.40000000e+01  6.46268680e-01 
 4.50000000e+01  5.49234583e-01 
 4.60000000e+01  4.79968690e-01 
 4.70000000e+01  4.66165659e-01 
 4.80000000e+01  4.58494823e-01 
 4.90000000e+01  5.91490691e-01 
 5.00000000e+01  4.73493585e-01 
 5.10000000e+01  5.54878439e-01 
 5.20000000e+01  4.36858731e-01 
 5.30000000e+01  3.10260039e-01 
 5.40000000e+01  3.52348693e-01 
 5.50000000e+01  3.63877037e-01 
 5.60000000e+01  2.69038324e-01 
 5.70000000e+01  2.60692388e-01 
 5.80000000e+01  3.15934060e-01 
 5.90000000e+01  4.03168460e-01 
 6.00000000e+01  3.20016830e-01 
 6.10000000e+01  3.42645332e-01 
 6.20000000e+01  2.57057279e-01 
 6.30000000e+01  2.06030088e-01 
 6.40000000e+01  4.06212505e-01 
 6.50000000e+01  3.62106622e-01 
 6.60000000e+01  4.43566325e-01 
 6.70000000e+01  5.18067733e-01 
 6.80000000e+01  4.32274350e-01 
 6.90000000e+01  3.21973598e-01 
 7.00000000e+01  5.35259378e-01 
 7.10000000e+01  4.74055622e-01 
 7.20000000e+01  5.85789967e-01 
 7.30000000e+01  6.42232815e-01 
 7.40000000e+01  6.58134076e-01 
 7.50000000e+01  6.23499110e-01 
 7.60000000e+01  6.86195280e-01 
 7.70000000e+01  6.45244864e-01 
 7.80000000e+01  8.61798952e-01 
 7.90000000e+01  8.67248137e-01 
 8.00000000e+01  6.77809045e-01 
 8.10000000e+01  8.25486187e-01 
 8.20000000e+01  4.97803150e-01 
 8.30000000e+01  4.04554915e-01 
 8.40000000e+01  5.90324338e-01 
 8.50000000e+01  3.60725225e-01 
 8.60000000e+01  4.64591509e-01 
 8.70000000e+01  5.97560914e-01 
 8.80000000e+01  5.49899532e-01 
 8.90000000e+01  4.96721161e-01 
 9.00000000e+01  4.22859206e-01 
 9.10000000e+01  3.98758509e-01 
 9.20000000e+01  4.94074799e-01 
 9.30000000e+01  3.67415454e-01 
 9.40000000e+01  2.93816049e-01 
 9.50000000e+01  2.65637372e-01 
 9.60000000e+01  4.24975221e-01 
 9.70000000e+01  3.47341053e-01 
 9.80000000e+01  6.37794067e-01 
 9.90000000e+01  5.70192893e-01 
 1.00000000e+02  6.88739412e-01 
 1.01000000e+02  9.09826897e-01 
 1.02000000e+02  7.64190278e-01 
 1.03000000e+02  4.98438598e-01 
 1.04000000e+02  5.17524755e-01 
 1.05000000e+02  5.26631308e-01 
 1.06000000e+02  4.36239525e-01 
 1.07000000e+02  6.17330415e-01 
 1.08000000e+02  6.35981840e-01 
 1.09000000e+02  6.43052684e-01 
 1.10000000e+02  7.41009546e-01 
 1.11000000e+02  6.56122795e-01 
 1.12000000e+02  8.51287686e-01 
 1.13000000e+02  8.70771602e-01 
 1.14000000e+02  8.59351316e-01 
 1.15000000e+02  1.00003110e+00 
 1.16000000e+02  1.06970377e+00 
 1.17000000e+02  8.72431247e-01 
 1.18000000e+02  7.59405138e-01 
 1.19000000e+02  4.62731071e-01 
 1.20000000e+02  2.84898422e-01 
 1.21000000e+02  2.65293415e-01 
 1.22000000e+02  5.75476209e-01 
 1.23000000e+02  6.18893800e-01 
 1.24000000e+02  4.50035457e-01 
 1.25000000e+02  4.85236369e-01 
 1.26000000e+02  4.97164584e-01 
 1.27000000e+02  5.04902174e-01 
 1.28000000e+02  6.04000461e-01 
 1.29000000e+02  5.04377074e-01 
 1.30000000e+02  4.30207772e-01 
 1.31000000e+02  3.34640526e-01 
 1.32000000e+02  3.61112755e-01 
 1.33000000e+02  2.75547862e-01 
 1.34000000e+02  3.91351545e-01 
 1.35000000e+02  3.82980676e-01 
 1.36000000e+02  6.93442681e-01 
 1.37000000e+02  5.07107476e-01 
 1.38000000e+02  7.37688780e-01 
 1.39000000e+02  5.13641324e-01 
 1.40000000e+02  7.55266022e-01 
 1.41000000e+02  6.86645667e-01 
 1.42000000e+02  5.64528433e-01 
 1.43000000e+02  5.91805621e-01 
 1.44000000e+02  3.74741304e-01 
 1.45000000e+02  5.55648507e-01 
 1.46000000e+02  5.98428026e-01 
 1.47000000e+02  4.79984660e-01 
 1.48000000e+02  5.19452238e-01 
 1.49000000e+02  4.61179931e-01 
 1.50000000e+02  6.37919053e-01 
 1.51000000e+02  3.97832544e-01 
 1.52000000e+02  5.08449514e-01 
 1.53000000e+02  4.82183345e-01 
 1.54000000e+02  4.30659370e-01 
 1.55000000e+02  4.56124185e-01 
 1.56000000e+02  3.54291918e-01 
 1.57000000e+02  4.60613187e-01 
 1.58000000e+02  3.85999570e-01 
 1.59000000e+02  3.95100816e-01 
 1.60000000e+02  3.41193358e-01 
 1.61000000e+02  3.52890494e-01 
 1.62000000e+02  4.09400071e-01 
 1.63000000e+02  3.59738104e-01 
 1.64000000e+02  3.22494920e-01 
 1.65000000e+02  3.27627798e-01 
 1.66000000e+02  3.50204287e-01 
 1.67000000e+02  4.73596295e-01 
 1.68000000e+02  6.38594686e-01 
 1.69000000e+02  5.75847670e-01 
 1.70000000e+02  5.08236619e-01 
 1.71000000e+02  3.79258415e-01 
 1.72000000e+02  4.02133246e-01 
 1.73000000e+02  6.20743097e-01 
 1.74000000e+02  1.12178023e+00 
 1.75000000e+02  6.20507959e-01 
 1.76000000e+02  5.61750960e-01 
 1.77000000e+02  4.83966345e-01 
 1.78000000e+02  3.53503033e-01 
 1.79000000e+02  6.19344819e-01 
 1.80000000e+02  8.44703367e-01 
 1.81000000e+02  1.07485629e+00 
 1.82000000e+02  9.10739186e-01 
 1.83000000e+02  5.84493337e-01 
 1.84000000e+02  7.46776486e-01 
 1.85000000e+02  6.51166536e-01 
 1.86000000e+02  4.67569330e-01 
 1.87000000e+02  4.21843061e-01 
 1.88000000e+02  7.85146270e-01 
 1.89000000e+02  6.46300027e-01 
 1.90000000e+02  5.09259404e-01 
 1.91000000e+02  4.28330416e-01 
 1.92000000e+02  2.64962729e-01 
 1.93000000e+02  2.99370683e-01 
 1.94000000e+02  3.74006953e-01 
 1.95000000e+02  2.36136844e-01 
 1.96000000e+02  2.13107747e-01 
 1.97000000e+02  3.36388057e-01 
 1.98000000e+02  2.14449911e-01 
 1.99000000e+02  2.38181460e-01 
 2.00000000e+02  2.29427502e-01 
 2.01000000e+02  2.06985831e-01 
 2.02000000e+02  2.06199340e-01 
 2.03000000e+02  3.25618100e-01 
 2.04000000e+02  3.26591308e-01 
 2.05000000e+02  3.24033332e-01 
 2.06000000e+02  3.66224862e-01 
 2.07000000e+02  3.08504628e-01 
 2.08000000e+02  4.20006751e-01 
 2.09000000e+02  4.09807155e-01 
 2.10000000e+02  3.28703739e-01 
 2.11000000e+02  4.30732377e-01 
 2.12000000e+02  4.03273427e-01 
 2.13000000e+02  3.96583552e-01 
 2.14000000e+02  3.01565078e-01 
 2.15000000e+02  2.80464430e-01 
 2.16000000e+02  3.42762883e-01 
 2.17000000e+02  2.56266536e-01 
 2.18000000e+02  2.74181222e-01 
 2.19000000e+02  2.93576035e-01 
 2.20000000e+02  3.00079315e-01 
 2.21000000e+02  2.42708030e-01 
 2.22000000e+02  2.39567718e-01 
 2.23000000e+02  3.49936440e-01 
 2.24000000e+02  5.77280726e-01 
 2.25000000e+02  5.63780786e-01 
 2.26000000e+02  4.49435208e-01 
 2.27000000e+02  3.05418404e-01 
 2.28000000e+02  3.83013364e-01 
 2.29000000e+02  4.49219530e-01 
 2.30000000e+02  4.83420767e-01 
 2.31000000e+02  4.89047140e-01 
 2.32000000e+02  4.39726032e-01 
 2.33000000e+02  3.63262354e-01 
 2.34000000e+02  4.60006758e-01 
 2.35000000e+02  5.39582038e-01 
 2.36000000e+02  3.55280110e-01 
 2.37000000e+02  4.58133855e-01 
 2.38000000e+02  6.18959281e-01 
 2.39000000e+02  7.87958151e-01 
 2.40000000e+02  5.91716243e-01 
 2.41000000e+02  4.71448982e-01 
 2.42000000e+02  5.68705325e-01 
 2.43000000e+02  6.61391703e-01 
 2.44000000e+02  4.79403236e-01 
 2.45000000e+02  4.82324071e-01 
 2.46000000e+02  4.31196325e-01 
 2.47000000e+02  4.54215554e-01 
 2.48000000e+02  4.29071262e-01 
 2.49000000e+02  3.45462971e-01 
 2.50000000e+02  3.43461521e-01 
 2.51000000e+02  3.44000666e-01 
 2.52000000e+02  2.96296463e-01 
 2.53000000e+02  3.13210189e-01 
 2.54000000e+02  2.54823829e-01 
 2.55000000e+02  2.50754253e-01 
 2.56000000e+02  2.80129189e-01 
 2.57000000e+02  2.80368895e-01 
 2.58000000e+02  3.24994704e-01 
 2.59000000e+02  2.59061136e-01 
 2.60000000e+02  3.19829832e-01 
 2.61000000e+02  5.23089723e-01 
 2.62000000e+02  7.64173168e-01 
 2.63000000e+02  5.15937421e-01 
 2.64000000e+02  5.74120328e-01 
 2.65000000e+02  7.00722928e-01 
 2.66000000e+02  4.41598886e-01 
 2.67000000e+02  5.56445399e-01 
 2.68000000e+02  5.01489104e-01 
 2.69000000e+02  5.85740609e-01 
 2.70000000e+02  6.69393643e-01 
 2.71000000e+02  7.35973262e-01 
 2.72000000e+02  6.49395120e-01 
 2.73000000e+02  6.67293156e-01 
 2.74000000e+02  5.44498320e-01 
 2.75000000e+02  5.32302728e-01 
 2.76000000e+02  4.71973419e-01 
 2.77000000e+02  6.86374220e-01 
 2.78000000e+02  5.29257190e-01 
 2.79000000e+02  3.92213091e-01 
 2.80000000e+02  5.33696994e-01 
 2.81000000e+02  3.61989415e-01 
 2.82000000e+02  3.09081451e-01 
 2.83000000e+02  2.06741762e-01 
 2.84000000e+02  3.90540950e-01 
 2.85000000e+02  2.72901244e-01 
 2.86000000e+02  3.22807452e-01 
 2.87000000e+02  3.31554758e-01 
 2.88000000e+02  3.85722036e-01 
 2.89000000e+02  3.92474448e-01 
 2.90000000e+02  4.54137748e-01 
 2.91000000e+02  4.59886863e-01 
 2.92000000e+02  4.86406617e-01 
 2.93000000e+02  6.94412626e-01 
 2.94000000e+02  6.12762024e-01 
 2.95000000e+02  7.25083525e-01 
 2.96000000e+02  7.85827220e-01 
 2.97000000e+02  8.41504644e-01 
 2.98000000e+02  8.32860371e-01 
 2.99000000e+02  1.10899556e+00 
 3.00000000e+02  9.90698916e-01 
 3.01000000e+02  8.33688810e-01 
 3.02000000e+02  5.18636603e-01 
 3.03000000e+02  7.02883834e-01 
 3.04000000e+02  5.82463302e-01 
 3.05000000e+02  6.87417113e-01 
 3.06000000e+02  4.44770411e-01 
 3.07000000e+02  7.13929698e-01 
 3.08000000e+02  1.13342985e+00 
 3.09000000e+02  1.24829113e+00 
 3.10000000e+02  1.30122957e+00 
 3.11000000e+02  1.36409602e+00 
 3.12000000e+02  1.65201734e+00 
 3.13000000e+02  1.59774475e+00 
 3.14000000e+02  1.52045881e+00 
 3.15000000e+02  1.29137197e+00 
 3.16000000e+02  1.94959231e+00 
 3.17000000e+02  2.37768837e+00 
 3.18000000e+02  1.79174310e+00 
 3.19000000e+02  1.48868871e+00 
 3.20000000e+02  1.68750871e+00 
 3.21000000e+02  2.20927968e+00 
 3.22000000e+02  2.31730082e+00 
 3.23000000e+02  2.61685147e+00 
 3.24000000e+02  2.08418230e+00 
 3.25000000e+02  1.55616066e+00 
 3.26000000e+02  1.62868020e+00 
 3.27000000e+02  1.81059547e+00 
 3.28000000e+02  1.34716505e+00 
 3.29000000e+02  1.23147181e+00 
 3.30000000e+02  1.36020435e+00 
 3.31000000e+02  1.86490328e+00 
 3.32000000e+02  1.40495535e+00 
 3.33000000e+02  1.62129385e+00 
 3.34000000e+02  1.71452409e+00 
 3.35000000e+02  2.10161095e+00 
 3.36000000e+02  2.16251445e+00 
 3.37000000e+02  2.18818753e+00 
 3.38000000e+02  1.94560598e+00 
 3.39000000e+02  1.31635925e+00 
 3.40000000e+02  1.20723424e+00 
 3.41000000e+02  1.84900130e+00 
 3.42000000e+02  1.32045016e+00 
 3.43000000e+02  2.03533501e+00 
 3.44000000e+02  1.29611988e+00 
 3.45000000e+02  1.13572005e+00 
 3.46000000e+02  1.15790762e+00 
 3.47000000e+02  6.56438797e-01 
 3.48000000e+02  8.38190205e-01 
 3.49000000e+02  9.98062853e-01 
 3.50000000e+02  1.00062160e+00 
 3.51000000e+02  8.43488666e-01 
 3.52000000e+02  9.25072424e-01 
 3.53000000e+02  1.20731541e+00 
 3.54000000e+02  1.20515748e+00 
 3.55000000e+02  1.11289591e+00 
 3.56000000e+02  8.79155670e-01 
 3.57000000e+02  1.10906406e+00 
 3.58000000e+02  8.67224469e-01 
 3.59000000e+02  6.19172992e-01 
 3.60000000e+02  9.78548808e-01 
 3.61000000e+02  8.91743030e-01 
 3.62000000e+02  6.31107147e-01 
 3.63000000e+02  8.84029214e-01 
 3.64000000e+02  1.11371640e+00 
 3.65000000e+02  1.13774337e+00 
 3.66000000e+02  1.08820018e+00 
 3.67000000e+02  1.30219021e+00 
 3.68000000e+02  1.23681512e+00 
 3.69000000e+02  1.07149224e+00 
 3.70000000e+02  8.41772382e-01 
 3.71000000e+02  6.20566448e-01 
 3.72000000e+02  5.44737509e-01 
 3.73000000e+02  7.23487565e-01 
 3.74000000e+02  8.67361514e-01 
 3.75000000e+02  1.40044778e+00 
 3.76000000e+02  1.33825782e+00 
 3.77000000e+02  9.02824663e-01 
 3.78000000e+02  1.43772077e+00 
 3.79000000e+02  1.31555153e+00 
 3.80000000e+02  1.28096469e+00 
 3.81000000e+02  1.04171473e+00 
 3.82000000e+02  1.12885290e+00 
 3.83000000e+02  1.26495235e+00 
 3.84000000e+02  2.06891259e+00 
 3.85000000e+02  2.09602538e+00 
 3.86000000e+02  2.71102574e+00 
 3.87000000e+02  2.53539050e+00 
 3.88000000e+02  2.07968769e+00 
 3.89000000e+02  1.38626645e+00 
 3.90000000e+02  1.31384399e+00 
 3.91000000e+02  1.75176907e+00 
 3.92000000e+02  1.18892658e+00 
 3.93000000e+02  8.12131908e-01 
 3.94000000e+02  1.13542520e+00 
 3.95000000e+02  1.57121350e+00 
 3.96000000e+02  2.00132019e+00 
 3.97000000e+02  1.94749838e+00 
 3.98000000e+02  2.18080955e+00 
 3.99000000e+02  1.24133057e+00 
 4.00000000e+02  1.36137243e+00 
 4.01000000e+02  1.45746185e+00 
 4.02000000e+02  1.57084493e+00 
 4.03000000e+02  1.43270744e+00 
 4.04000000e+02  1.32679771e+00 
 4.05000000e+02  1.47872579e+00 
 4.06000000e+02  1.21146949e+00 
 4.07000000e+02  1.25032302e+00 
 4.08000000e+02  1.55294371e+00 
 4.09000000e+02  1.34353727e+00 
 4.10000000e+02  1.91428168e+00 
 4.11000000e+02  1.29245361e+00 
 4.12000000e+02  1.91069093e+00 
 4.13000000e+02  2.30087039e+00 
 4.14000000e+02  2.81296616e+00 
 4.15000000e+02  2.90667607e+00 
 4.16000000e+02  3.00716109e+00 
 4.17000000e+02  2.65854897e+00 
 4.18000000e+02  4.00549015e+00 
 4.19000000e+02  3.22546858e+00 
 4.20000000e+02  2.95095145e+00 
 4.21000000e+02  3.25518557e+00 
 4.22000000e+02  2.91707122e+00 
 4.23000000e+02  1.78384645e+00 
 4.24000000e+02  1.56905726e+00 
 4.25000000e+02  1.32987415e+00 
 4.26000000e+02  1.31237805e+00 
 4.27000000e+02  1.13304393e+00 
 4.28000000e+02  8.33835990e-01 
 4.29000000e+02  8.63195371e-01 
 4.30000000e+02  1.03247287e+00 
 4.31000000e+02  9.53077198e-01 
 4.32000000e+02  1.23703143e+00 
 4.33000000e+02  1.44357094e+00 
 4.34000000e+02  1.42189354e+00 
 4.35000000e+02  2.40545900e+00 
 4.36000000e+02  2.62887863e+00 
 4.37000000e+02  2.70100146e+00 
 4.38000000e+02  2.23035012e+00 
 4.39000000e+02  2.81068534e+00 
 4.40000000e+02  1.33239778e+00 
 4.41000000e+02  1.86044894e+00 
 4.42000000e+02  1.38028064e+00 
 4.43000000e+02  1.39531066e+00 
 4.44000000e+02  1.60332550e+00 
 4.45000000e+02  2.03910430e+00 
 4.46000000e+02  1.78632345e+00 
 4.47000000e+02  1.81511512e+00 
 4.48000000e+02  2.15733180e+00 
 4.49000000e+02  3.05431120e+00 
 4.50000000e+02  2.12881403e+00 
 4.51000000e+02  2.39711091e+00 
 4.52000000e+02  3.36563218e+00 
 4.53000000e+02  3.09415458e+00 
 4.54000000e+02  3.55036174e+00 
 4.55000000e+02  3.58790198e+00 
 4.56000000e+02  4.28711803e+00 
 4.57000000e+02  2.49408023e+00 
 4.58000000e+02  1.44794854e+00 
 4.59000000e+02  1.28985453e+00 
 4.60000000e+02  1.96519694e+00 
 4.61000000e+02  1.91742276e+00 
 4.62000000e+02  1.26515256e+00 
 4.63000000e+02  1.44253099e+00 
 4.64000000e+02  1.85756774e+00 
 4.65000000e+02  1.23516145e+00 
 4.66000000e+02  1.73664480e+00 
 4.67000000e+02  1.54280685e+00 
 4.68000000e+02  2.26656680e+00 
 4.69000000e+02  2.25992110e+00 
 4.70000000e+02  3.22266711e+00 
 4.71000000e+02  3.72110104e+00 
 4.72000000e+02  2.93857864e+00 
 4.73000000e+02  4.01960238e+00 
 4.74000000e+02  2.93378692e+00 
 4.75000000e+02  4.65765735e+00 
 4.76000000e+02  3.66629154e+00 
 4.77000000e+02  3.68901819e+00 
 4.78000000e+02  5.67394801e+00 
 4.79000000e+02  2.96181764e+00 
 4.80000000e+02  2.24802615e+00 
 4.81000000e+02  2.26202947e+00 
 4.82000000e+02  2.51984595e+00 
 4.83000000e+02  2.20392583e+00 
 4.84000000e+02  2.12039384e+00 
 4.85000000e+02  2.31446731e+00 
 4.86000000e+02  2.73516122e+00 
 4.87000000e+02  1.89872795e+00 
 4.88000000e+02  1.43744332e+00 
 4.89000000e+02  7.33855973e-01 
 4.90000000e+02  1.45143507e+00 
 4.91000000e+02  2.30756641e+00 
 4.92000000e+02  2.01284605e+00 
 4.93000000e+02  1.53202002e+00 
 4.94000000e+02  1.69090344e+00 
 4.95000000e+02  1.41433817e+00 
 4.96000000e+02  1.68356173e+00 
 4.97000000e+02  1.83133128e+00 
 4.98000000e+02  1.28096766e+00 
 4.99000000e+02  1.23796473e+00 
 5.00000000e+02  1.02203440e+00 
 5.01000000e+02  9.51059986e-01 
 5.02000000e+02  9.41818171e-01 
 5.03000000e+02  9.81488644e-01 
 5.04000000e+02  1.52652482e+00 
 5.05000000e+02  1.53526469e+00 
 5.06000000e+02  1.73296726e+00 
 5.07000000e+02  3.10149982e+00 
 5.08000000e+02  3.07874804e+00 
 5.09000000e+02  4.22692148e+00 
 5.10000000e+02  3.51279393e+00 
 5.11000000e+02  3.77953344e+00 
 5.12000000e+02  4.41889056e+00 
 5.13000000e+02  4.36377434e+00 
 5.14000000e+02  3.30097936e+00 
 5.15000000e+02  2.21789221e+00 
 5.16000000e+02  2.39259778e+00 
 5.17000000e+02  2.30385761e+00 
 5.18000000e+02  2.65503112e+00 
 5.19000000e+02  3.57827983e+00 
 5.20000000e+02  2.21922223e+00 
 5.21000000e+02  1.82570503e+00 
 5.22000000e+02  1.75368582e+00 
 5.23000000e+02  1.83871203e+00 
 5.24000000e+02  1.89015482e+00 
 5.25000000e+02  2.00337666e+00 
 5.26000000e+02  3.10975475e+00 
 5.27000000e+02  3.33355473e+00 
 5.28000000e+02  3.17299685e+00 
 5.29000000e+02  2.23136968e+00 
 5.30000000e+02  2.21183577e+00 
 5.31000000e+02  2.16297418e+00 
 5.32000000e+02  2.95387435e+00 
 5.33000000e+02  3.21319325e+00 
 5.34000000e+02  2.04810786e+00 
 5.35000000e+02  2.02085212e+00 
 5.36000000e+02  1.42636262e+00 
 5.37000000e+02  1.63865761e+00 
 5.38000000e+02  1.34662380e+00 
 5.39000000e+02  1.11516761e+00 
 5.40000000e+02  8.73954896e-01 
 5.41000000e+02  1.08190215e+00 
 5.42000000e+02  8.93817152e-01 
 5.43000000e+02  7.82700876e-01 
 5.44000000e+02  8.84618663e-01 
 5.45000000e+02  9.75615137e-01 
 5.46000000e+02  6.41875238e-01 
 5.47000000e+02  6.59644666e-01 
 5.48000000e+02  5.80610112e-01 
 5.49000000e+02  4.85047696e-01 
 5.50000000e+02  4.48393014e-01 
 5.51000000e+02  4.81149896e-01 
 5.52000000e+02  4.53561636e-01 
 5.53000000e+02  6.17447275e-01 
 5.54000000e+02  6.22604664e-01 
 5.55000000e+02  5.74762408e-01 
 5.56000000e+02  6.53410539e-01 
 5.57000000e+02  8.33127008e-01 
 5.58000000e+02  8.69857500e-01 
 5.59000000e+02  7.41490912e-01 
 5.60000000e+02  4.46005473e-01 
 5.61000000e+02  5.86928327e-01 
 5.62000000e+02  6.91340555e-01 
 5.63000000e+02  9.03879637e-01 
 5.64000000e+02  8.81992672e-01 
 5.65000000e+02  8.98325397e-01 
 5.66000000e+02  1.10818518e+00 
 5.67000000e+02  8.06651295e-01 
 5.68000000e+02  8.80620669e-01 
 5.69000000e+02  5.02041693e-01 
 5.70000000e+02  5.29237200e-01 
 5.71000000e+02  5.44941858e-01 
 5.72000000e+02  6.52773694e-01 
 5.73000000e+02  6.86271111e-01 
 5.74000000e+02  8.30873348e-01 
 5.75000000e+02  1.20883317e+00 
 5.76000000e+02  1.11900341e+00 
 5.77000000e+02  1.19987705e+00 
 5.78000000e+02  1.50157658e+00 
 5.79000000e+02  1.71173938e+00 
 5.80000000e+02  1.49057555e+00 
 5.81000000e+02  2.00031395e+00 
 5.82000000e+02  9.87677919e-01 
 5.83000000e+02  9.06639708e-01 
 5.84000000e+02  7.26096076e-01 
 5.85000000e+02  8.95494308e-01 
 5.86000000e+02  9.57111834e-01 
 5.87000000e+02  6.65262362e-01 
 5.88000000e+02  5.52763826e-01 
 5.89000000e+02  7.82394861e-01 
 5.90000000e+02  1.21747528e+00 
 5.91000000e+02  1.02771110e+00 
 5.92000000e+02  1.10760800e+00 
 5.93000000e+02  9.91628794e-01 
 5.94000000e+02  6.80504578e-01 
 5.95000000e+02  9.50443066e-01 
 5.96000000e+02  1.39973285e+00 
 5.97000000e+02  1.02632153e+00 
 5.98000000e+02  8.82963468e-01 
 5.99000000e+02  9.18017455e-01 
 6.00000000e+02  1.13610269e+00 
 6.01000000e+02  9.45443312e-01 
 6.02000000e+02  1.09249955e+00 
 6.03000000e+02  1.03731029e+00 
 6.04000000e+02  1.06914370e+00 
 6.05000000e+02  6.55470227e-01 
 6.06000000e+02  6.65317399e-01 
 6.07000000e+02  9.43382805e-01 
 6.08000000e+02  1.02279179e+00 
 6.09000000e+02  9.54054888e-01 
 6.10000000e+02  8.46856809e-01 
 6.11000000e+02  6.29293748e-01 
 6.12000000e+02  7.55830636e-01 
 6.13000000e+02  9.06524608e-01 
 6.14000000e+02  7.96104394e-01 
 6.15000000e+02  8.50205494e-01 
 6.16000000e+02  9.43596719e-01 
 6.17000000e+02  7.69635235e-01 
 6.18000000e+02  5.25897682e-01 
 6.19000000e+02  5.68831819e-01 
 6.20000000e+02  7.27192224e-01 
 6.21000000e+02  4.74925482e-01 
 6.22000000e+02  6.94801937e-01 
 6.23000000e+02  7.75337204e-01 
 6.24000000e+02  8.61526451e-01 
 6.25000000e+02  8.45993256e-01 
 6.26000000e+02  1.34658634e+00 
 6.27000000e+02  9.95721540e-01 
 6.28000000e+02  1.15169921e+00 
 6.29000000e+02  1.13119144e+00 
 6.30000000e+02  9.62348715e-01 
 6.31000000e+02  1.51185625e+00 
 6.32000000e+02  1.60061203e+00 
 6.33000000e+02  1.26640987e+00 
 6.34000000e+02  1.17591873e+00 
 6.35000000e+02  9.42441375e-01 
 6.36000000e+02  9.27749679e-01 
 6.37000000e+02  7.08526678e-01 
 6.38000000e+02  8.61161067e-01 
 6.39000000e+02  8.04807550e-01 
 6.40000000e+02  8.25082036e-01 
 6.41000000e+02  7.01551050e-01 
 6.42000000e+02  6.34745942e-01 
 6.43000000e+02  5.17712824e-01 
 6.44000000e+02  4.62018430e-01 
 6.45000000e+02  6.41914979e-01 
 6.46000000e+02  5.16282002e-01 
 6.47000000e+02  5.18255106e-01 
 6.48000000e+02  6.87993510e-01 
 6.49000000e+02  5.91095661e-01 
 6.50000000e+02  1.08253316e+00 
 6.51000000e+02  7.49109310e-01 
 6.52000000e+02  6.84288967e-01 
 6.53000000e+02  9.09796278e-01 
 6.54000000e+02  8.00742588e-01 
 6.55000000e+02  5.43455331e-01 
 6.56000000e+02  5.90987386e-01 
 6.57000000e+02  5.97302320e-01 
 6.58000000e+02  7.10813120e-01 
 6.59000000e+02  7.83542664e-01 
 6.60000000e+02  6.73470801e-01 
 6.61000000e+02  5.63997190e-01 
 6.62000000e+02  5.46708623e-01 
 6.63000000e+02  9.26732828e-01 
 6.64000000e+02  6.63327391e-01 
 6.65000000e+02  8.16204939e-01 
 6.66000000e+02  8.37382150e-01 
 6.67000000e+02  9.37250768e-01 
 6.68000000e+02  9.50560415e-01 
 6.69000000e+02  1.05143986e+00 
 6.70000000e+02  8.96341136e-01 
 6.71000000e+02  6.57791599e-01 
 6.72000000e+02  9.04728182e-01 
 6.73000000e+02  1.08903155e+00 
 6.74000000e+02  7.38398769e-01 
 6.75000000e+02  7.62087509e-01 
 6.76000000e+02  9.33304999e-01 
 6.77000000e+02  1.05847496e+00 
 6.78000000e+02  9.01590196e-01 
 6.79000000e+02  7.28033447e-01 
 6.80000000e+02  1.23688744e+00 
 6.81000000e+02  7.22608886e-01 
 6.82000000e+02  1.20476669e+00 
 6.83000000e+02  8.17018377e-01 
 6.84000000e+02  8.80452078e-01 
 6.85000000e+02  1.19527289e+00 
 6.86000000e+02  1.62943981e+00 
 6.87000000e+02  1.60593599e+00 
 6.88000000e+02  1.62568389e+00 
 6.89000000e+02  1.65147016e+00 
 6.90000000e+02  2.08207615e+00 
 6.91000000e+02  2.03038136e+00 
 6.92000000e+02  3.30474917e+00 
 6.93000000e+02  3.41044168e+00 
 6.94000000e+02  4.88752048e+00 
 6.95000000e+02  5.00722860e+00 
 6.96000000e+02  5.45340180e+00 
 6.97000000e+02  8.43931058e+00 
 6.98000000e+02  6.52829776e+00 
 6.99000000e+02  8.86663517e+00 
 7.00000000e+02  8.59121822e+00 
 7.01000000e+02  6.96436150e+00 
 7.02000000e+02  6.79372078e+00 
 7.03000000e+02  5.84338990e+00 
 7.04000000e+02  6.65489821e+00 
 7.05000000e+02  4.75351983e+00 
 7.06000000e+02  4.18239145e+00 
 7.07000000e+02  7.02489788e+00 
 7.08000000e+02  5.35575539e+00 
 7.09000000e+02  7.29736642e+00 
 7.10000000e+02  5.59260351e+00 
 7.11000000e+02  5.99498095e+00 
 7.12000000e+02  6.62781157e+00 
 7.13000000e+02  7.51336576e+00 
 7.14000000e+02  8.80099445e+00 
 7.15000000e+02  1.00354245e+01 
 7.16000000e+02  6.45357091e+00 
 7.17000000e+02  6.87556852e+00 
 7.18000000e+02  6.86540396e+00 
 7.19000000e+02  5.46385479e+00 
 7.20000000e+02  4.81521022e+00 
 7.21000000e+02  9.17789294e+00 
 7.22000000e+02  7.76554286e+00 
 7.23000000e+02  9.49230741e+00 
 7.24000000e+02  6.81708329e+00 
 7.25000000e+02  7.12965285e+00 
 7.26000000e+02  9.93030382e+00 
 7.27000000e+02  4.81788374e+00 
 7.28000000e+02  6.61632844e+00 
 7.29000000e+02  6.76527261e+00 
 7.30000000e+02  6.50439145e+00 
 7.31000000e+02  6.52573564e+00 
 7.32000000e+02  8.22847583e+00 
 7.33000000e+02  1.07130304e+01 
 7.34000000e+02  1.17535140e+01 
 7.35000000e+02  9.52486573e+00 
 7.36000000e+02  1.14657367e+01 
 7.37000000e+02  9.11049519e+00 
 7.38000000e+02  8.94348086e+00 
 7.39000000e+02  1.37402344e+01 
 7.40000000e+02  8.17128038e+00 
 7.41000000e+02  7.59602083e+00 
 7.42000000e+02  1.14128446e+01 
 7.43000000e+02  1.41621276e+01 
 7.44000000e+02  9.19498665e+00 
 7.45000000e+02  9.99577406e+00 
 7.46000000e+02  1.21735949e+01 
 7.47000000e+02  8.12365410e+00 
 7.48000000e+02  1.00419406e+01 
 7.49000000e+02  5.93370995e+00 
 7.50000000e+02  5.94082685e+00 
 7.51000000e+02  7.16170505e+00 
 7.52000000e+02  5.51005747e+00 
 7.53000000e+02  6.48220186e+00 
 7.54000000e+02  4.60563442e+00 
 7.55000000e+02  5.55555243e+00 
 7.56000000e+02  4.00192707e+00 
 7.57000000e+02  4.25667435e+00 
 7.58000000e+02  3.43564613e+00 
 7.59000000e+02  4.75868881e+00 
 7.60000000e+02  5.72050502e+00 
 7.61000000e+02  3.53409505e+00 
 7.62000000e+02  5.81355024e+00 
 7.63000000e+02  5.27020302e+00 
 7.64000000e+02  5.27252081e+00 
 7.65000000e+02  3.97465842e+00 
 7.66000000e+02  3.10219386e+00 
 7.67000000e+02  2.92990701e+00 
 7.68000000e+02  3.94648770e+00 
 7.69000000e+02  2.23766612e+00 
 7.70000000e+02  2.95175121e+00 
 7.71000000e+02  3.00852485e+00 
 7.72000000e+02  3.28755391e+00 
 7.73000000e+02  3.46107104e+00 
 7.74000000e+02  1.97092165e+00 
 7.75000000e+02  2.59391551e+00 
 7.76000000e+02  1.98857488e+00 
 7.77000000e+02  3.04862030e+00 
 7.78000000e+02  2.51116057e+00 
 7.79000000e+02  1.58458279e+00 
 7.80000000e+02  1.80961238e+00 
 7.81000000e+02  2.40344864e+00 
 7.82000000e+02  2.11381434e+00 
 7.83000000e+02  1.77541767e+00 
 7.84000000e+02  1.75534043e+00 
 7.85000000e+02  1.37424048e+00 
 7.86000000e+02  1.98224894e+00 
 7.87000000e+02  1.17015117e+00 
 7.88000000e+02  1.75826335e+00 
 7.89000000e+02  2.40438602e+00 
 7.90000000e+02  1.54851851e+00 
 7.91000000e+02  2.46572223e+00 
 7.92000000e+02  2.04459363e+00 
 7.93000000e+02  2.45945580e+00 
 7.94000000e+02  2.91982745e+00 
 7.95000000e+02  1.96782892e+00 
 7.96000000e+02  1.47468819e+00 
 7.97000000e+02  1.60536183e+00 
 7.98000000e+02  2.24698854e+00 
 7.99000000e+02  1.34717254e+00 
 8.00000000e+02  1.01167506e+00 
 8.01000000e+02  1.17921221e+00 
 8.02000000e+02  1.45275644e+00 
 8.03000000e+02  1.58406734e+00 
 8.04000000e+02  1.67610308e+00 
 8.05000000e+02  1.34901126e+00 
 8.06000000e+02  1.97554556e+00 
 8.07000000e+02  3.80738509e+00 
 8.08000000e+02  2.56907188e+00 
 8.09000000e+02  3.02516820e+00 
 8.10000000e+02  4.24565930e+00 
 8.11000000e+02  3.46055972e+00 
 8.12000000e+02  3.33890776e+00 
 8.13000000e+02  3.11160091e+00 
 8.14000000e+02  2.64632804e+00 
 8.15000000e+02  2.83551419e+00 
 8.16000000e+02  4.64148613e+00 
 8.17000000e+02  4.25666609e+00 
 8.18000000e+02  2.47849059e+00 
 8.19000000e+02  2.43964681e+00 
 8.20000000e+02  2.26579421e+00 
 8.21000000e+02  3.66376409e+00 
 8.22000000e+02  2.90015262e+00 
 8.23000000e+02  3.63762994e+00 
 8.24000000e+02  3.69495522e+00 
 8.25000000e+02  4.05594232e+00 
 8.26000000e+02  2.64185934e+00 
 8.27000000e+02  2.34499640e+00 
 8.28000000e+02  2.48779879e+00 
 8.29000000e+02  2.20998730e+00 
 8.30000000e+02  2.15067917e+00 
 8.31000000e+02  1.14343850e+00 
 8.32000000e+02  7.99837426e-01 
 8.33000000e+02  1.07295033e+00 
 8.34000000e+02  1.32194615e+00 
 8.35000000e+02  1.20607750e+00 
 8.36000000e+02  9.18091555e-01 
 8.37000000e+02  8.07192531e-01 
 8.38000000e+02  9.01671732e-01 
 8.39000000e+02  8.42274307e-01 
 8.40000000e+02  6.98655062e-01 
 8.41000000e+02  9.67726417e-01 
 8.42000000e+02  1.14920150e+00 
 8.43000000e+02  1.09570600e+00 
 8.44000000e+02  1.58202053e+00 
 8.45000000e+02  1.92566475e+00 
 8.46000000e+02  1.50744298e+00 
 8.47000000e+02  1.51819140e+00 
 8.48000000e+02  2.37706814e+00 
 8.49000000e+02  1.82257938e+00 
 8.50000000e+02  1.69569907e+00 
 8.51000000e+02  1.45043577e+00 
 8.52000000e+02  1.47292364e+00 
 8.53000000e+02  1.57840065e+00 
 8.54000000e+02  1.06596852e+00 
 8.55000000e+02  8.59569299e-01 
 8.56000000e+02  1.22526621e+00 
 8.57000000e+02  1.96421413e+00 
 8.58000000e+02  1.71144072e+00 
 8.59000000e+02  1.55798342e+00 
 8.60000000e+02  1.35778843e+00 
 8.61000000e+02  1.57613903e+00 
 8.62000000e+02  1.73158966e+00 
 8.63000000e+02  1.25530058e+00 
 8.64000000e+02  1.63867696e+00 
 8.65000000e+02  1.59177381e+00 
 8.66000000e+02  1.50723876e+00 
 8.67000000e+02  1.59815218e+00 
 8.68000000e+02  1.92107493e+00 
 8.69000000e+02  1.23657877e+00 
 8.70000000e+02  1.88407414e+00 
 8.71000000e+02  1.89341764e+00 
 8.72000000e+02  2.01450717e+00 
 8.73000000e+02  2.66340143e+00 
 8.74000000e+02  2.57813450e+00 
 8.75000000e+02  2.02406787e+00 
 8.76000000e+02  1.88746756e+00 
 8.77000000e+02  2.09998617e+00 
 8.78000000e+02  2.06658562e+00 
 8.79000000e+02  2.05877604e+00 
 8.80000000e+02  2.25403528e+00 
 8.81000000e+02  1.98785141e+00 
 8.82000000e+02  1.63428365e+00 
 8.83000000e+02  2.21612310e+00 
 8.84000000e+02  2.01168203e+00 
 8.85000000e+02  2.89613445e+00 
 8.86000000e+02  3.90069468e+00 
 8.87000000e+02  2.39218001e+00 
 8.88000000e+02  4.50643396e+00 
 8.89000000e+02  4.13540328e+00 
 8.90000000e+02  2.44134170e+00 
 8.91000000e+02  2.86214627e+00 
 8.92000000e+02  2.24117799e+00 
 8.93000000e+02  1.77350765e+00 
 8.94000000e+02  2.74364903e+00 
 8.95000000e+02  4.28707359e+00 
 8.96000000e+02  3.41129041e+00 
 8.97000000e+02  4.20550990e+00 
 8.98000000e+02  3.43773130e+00 
 8.99000000e+02  4.25048458e+00 
 9.00000000e+02  4.45619962e+00 
 9.01000000e+02  4.56185748e+00 
 9.02000000e+02  4.20378546e+00 
 9.03000000e+02  4.43205475e+00 
 9.04000000e+02  5.78389574e+00 
 9.05000000e+02  5.66619574e+00 
 9.06000000e+02  3.02044473e+00 
 9.07000000e+02  2.83275006e+00 
 9.08000000e+02  2.47677020e+00 
 9.09000000e+02  2.76947916e+00 
 9.10000000e+02  1.95798533e+00 
 9.11000000e+02  3.72340369e+00 
 9.12000000e+02  3.62302168e+00 
 9.13000000e+02  3.27295600e+00 
 9.14000000e+02  4.04153457e+00 
 9.15000000e+02  2.47563376e+00 
 9.16000000e+02  2.80332520e+00 
 9.17000000e+02  2.79810106e+00 
 9.18000000e+02  2.99744735e+00 
 9.19000000e+02  2.86688545e+00 
 9.20000000e+02  2.95977361e+00 
 9.21000000e+02  1.85919240e+00 
 9.22000000e+02  3.83649742e+00 
 9.23000000e+02  3.59822812e+00 
 9.24000000e+02  4.05718741e+00 
 9.25000000e+02  4.38149147e+00 
 9.26000000e+02  5.21568105e+00 
 9.27000000e+02  4.78740364e+00 
 9.28000000e+02  2.98962467e+00 
 9.29000000e+02  2.39992744e+00 
 9.30000000e+02  5.47766459e+00 
 9.31000000e+02  3.43090771e+00 
 9.32000000e+02  2.81438727e+00 
 9.33000000e+02  2.40417456e+00 
 9.34000000e+02  2.56181805e+00 
 9.35000000e+02  2.03727457e+00 
 9.36000000e+02  2.62294383e+00 
 9.37000000e+02  2.53335035e+00 
 9.38000000e+02  2.32817943e+00 
 9.39000000e+02  4.01706419e+00 
 9.40000000e+02  3.99096626e+00 
 9.41000000e+02  2.62761632e+00 
 9.42000000e+02  2.71206949e+00 
 9.43000000e+02  1.98653707e+00 
 9.44000000e+02  2.78395196e+00 
 9.45000000e+02  2.42669696e+00 
 9.46000000e+02  2.31910733e+00 
 9.47000000e+02  1.42541831e+00 
 9.48000000e+02  1.50664668e+00 
 9.49000000e+02  9.29101373e-01 
 9.50000000e+02  1.65073113e+00 
 9.51000000e+02  2.50422717e+00 
 9.52000000e+02  2.10069749e+00 
 9.53000000e+02  2.79776917e+00 
 9.54000000e+02  1.60239541e+00 
 9.55000000e+02  1.63552434e+00 
 9.56000000e+02  1.91045662e+00 
 9.57000000e+02  1.58404798e+00 
 9.58000000e+02  1.27041165e+00 
 9.59000000e+02  1.83521102e+00 
 9.60000000e+02  1.30119562e+00 
 9.61000000e+02  1.54281083e+00 
 9.62000000e+02  1.53169514e+00 
 9.63000000e+02  1.66215698e+00 
 9.64000000e+02  1.97815144e+00 
 9.65000000e+02  1.59575371e+00 
 9.66000000e+02  2.27366899e+00 
 9.67000000e+02  2.15523533e+00 
 9.68000000e+02  2.57902228e+00 
 9.69000000e+02  1.48382044e+00 
 9.70000000e+02  9.67165113e-01 
 9.71000000e+02  1.42706041e+00 
 9.72000000e+02  1.28585861e+00 
 9.73000000e+02  1.68012856e+00 
 9.74000000e+02  2.89765281e+00 
 9.75000000e+02  3.11539323e+00 
 9.76000000e+02  2.72450988e+00 
 9.77000000e+02  2.83316593e+00 
 9.78000000e+02  3.61172506e+00 
 9.79000000e+02  4.27256307e+00 
 9.80000000e+02  2.66849494e+00 
 9.81000000e+02  2.92392137e+00 
 9.82000000e+02  2.47297114e+00 
 9.83000000e+02  2.24940354e+00 
 9.84000000e+02  2.30319972e+00 
 9.85000000e+02  2.54877833e+00 
 9.86000000e+02  2.94285353e+00 
 9.87000000e+02  2.20082830e+00 
 9.88000000e+02  2.61805122e+00 
 9.89000000e+02  2.86538605e+00 
 9.90000000e+02  3.54999891e+00 
 9.91000000e+02  2.63727649e+00 
 9.92000000e+02  3.41457455e+00 
 9.93000000e+02  2.65358455e+00 
 9.94000000e+02  2.84179507e+00 
 9.95000000e+02  3.05999140e+00 
 9.96000000e+02  3.29798387e+00 
 9.97000000e+02  2.37752590e+00 
 9.98000000e+02  3.07828901e+00 
 9.99000000e+02  3.83495253e+00 
 1.00000000e+03  3.86462805e+00 
 1.00100000e+03  2.40487435e+00 
 1.00200000e+03  3.35998900e+00 
 1.00300000e+03  3.47877298e+00 
 1.00400000e+03  3.84167455e+00 
 1.00500000e+03  4.10409403e+00 
 1.00600000e+03  3.54851294e+00 
 1.00700000e+03  4.04409673e+00 
 1.00800000e+03  3.22237383e+00 
 1.00900000e+03  2.81200559e+00 
 1.01000000e+03  3.33125966e+00 
 1.01100000e+03  3.07607037e+00 
 1.01200000e+03  2.93569044e+00 
 1.01300000e+03  1.72328786e+00 
 1.01400000e+03  2.28607022e+00 
 1.01500000e+03  1.98392148e+00 
 1.01600000e+03  2.13132048e+00 
 1.01700000e+03  2.10777129e+00 
 1.01800000e+03  2.32829844e+00 
 1.01900000e+03  3.41700256e+00 
 1.02000000e+03  2.62447500e+00 
 1.02100000e+03  2.28134512e+00 
 1.02200000e+03  1.89625363e+00 
 1.02300000e+03  1.93422268e+00 
 1.02400000e+03  2.84161697e+00 
 1.02500000e+03  2.37957761e+00 
 1.02600000e+03  1.93134532e+00 
 1.02700000e+03  2.93548354e+00 
 1.02800000e+03  2.86908589e+00 
 1.02900000e+03  3.06495741e+00 
 1.03000000e+03  3.76454063e+00 
 1.03100000e+03  3.29623628e+00 
 1.03200000e+03  3.54622073e+00 
 1.03300000e+03  4.24948580e+00 
 1.03400000e+03  3.92595386e+00 
 1.03500000e+03  4.01019794e+00 
 1.03600000e+03  4.43498820e+00 
 1.03700000e+03  5.29405138e+00 
 1.03800000e+03  5.28833587e+00 
 1.03900000e+03  5.66552070e+00 
 1.04000000e+03  3.16558097e+00 
 1.04100000e+03  4.31761888e+00 
 1.04200000e+03  3.98626728e+00 
 1.04300000e+03  4.19123164e+00 
 1.04400000e+03  4.23350754e+00 
 1.04500000e+03  3.56549831e+00 
 1.04600000e+03  2.90862777e+00 
 1.04700000e+03  3.52446020e+00 
 1.04800000e+03  1.76460543e+00 
 1.04900000e+03  2.09611514e+00 
 1.05000000e+03  1.84624807e+00 
 1.05100000e+03  1.50355393e+00 
 1.05200000e+03  1.31208694e+00 
 1.05300000e+03  1.53144705e+00 
 1.05400000e+03  2.73478907e+00 
 1.05500000e+03  3.78752643e+00 
 1.05600000e+03  3.89337803e+00 
 1.05700000e+03  1.90676221e+00 
 1.05800000e+03  1.66584218e+00 
 1.05900000e+03  1.60112618e+00 
 1.06000000e+03  2.73587261e+00 
 1.06100000e+03  1.83089265e+00 
 1.06200000e+03  2.01873590e+00 
 1.06300000e+03  2.68724403e+00 
 1.06400000e+03  2.28707060e+00 
 1.06500000e+03  3.08673073e+00 
 1.06600000e+03  3.76636795e+00 
 1.06700000e+03  3.59840037e+00 
 1.06800000e+03  2.85143306e+00 
 1.06900000e+03  3.17804952e+00 
 1.07000000e+03  2.92531609e+00 
 1.07100000e+03  2.62334045e+00 
 1.07200000e+03  2.90430539e+00 
 1.07300000e+03  2.81575674e+00 
 1.07400000e+03  2.45294908e+00 
 1.07500000e+03  3.37128971e+00 
 1.07600000e+03  3.03549367e+00 
 1.07700000e+03  4.81738762e+00 
 1.07800000e+03  4.65022955e+00 
 1.07900000e+03  3.82341280e+00 
 1.08000000e+03  4.04338804e+00 
 1.08100000e+03  3.28836044e+00 
 1.08200000e+03  4.95446168e+00 
 1.08300000e+03  5.69435422e+00 
 1.08400000e+03  5.85381040e+00 
 1.08500000e+03  5.78171023e+00 
 1.08600000e+03  5.98598570e+00 
 1.08700000e+03  4.90759208e+00 
 1.08800000e+03  6.11321597e+00 
 1.08900000e+03  6.25467173e+00 
 1.09000000e+03  7.59251180e+00 
 1.09100000e+03  4.64062924e+00 
 1.09200000e+03  4.30200537e+00 
 1.09300000e+03  3.91666779e+00 
 1.09400000e+03  3.18287853e+00 
 1.09500000e+03  4.88197455e+00 
 1.09600000e+03  3.81876705e+00 
 1.09700000e+03  3.78438373e+00 
 1.09800000e+03  3.93080812e+00 
 1.09900000e+03  4.34313889e+00 
 1.10000000e+03  3.10209734e+00 
 1.10100000e+03  3.24551004e+00 
 1.10200000e+03  3.59005985e+00 
 1.10300000e+03  3.10048781e+00 
 1.10400000e+03  2.33356458e+00 
 1.10500000e+03  2.62736543e+00 
 1.10600000e+03  1.62052174e+00 
 1.10700000e+03  1.04927074e+00 
 1.10800000e+03  9.25713262e-01 
 1.10900000e+03  1.00049670e+00 
 1.11000000e+03  8.42814651e-01 
 1.11100000e+03  1.32587249e+00 
 1.11200000e+03  6.77231225e-01 
 1.11300000e+03  6.51073342e-01 
 1.11400000e+03  7.66628663e-01 
 1.11500000e+03  1.02207171e+00 
 1.11600000e+03  9.12952755e-01 
 1.11700000e+03  7.06348786e-01 
 1.11800000e+03  7.75308074e-01 
 1.11900000e+03  7.22328986e-01 
 1.12000000e+03  5.99357245e-01 
 1.12100000e+03  6.17959071e-01 
 1.12200000e+03  5.41745522e-01 
 1.12300000e+03  6.46642311e-01 
 1.12400000e+03  5.76469685e-01 
 1.12500000e+03  3.65960305e-01 
 1.12600000e+03  3.01346620e-01 
 1.12700000e+03  2.99284224e-01 
 1.12800000e+03  2.44487821e-01 
 1.12900000e+03  4.59543920e-01 
 1.13000000e+03  2.81794920e-01 
 1.13100000e+03  3.46222355e-01 
 1.13200000e+03  3.65482899e-01 
 1.13300000e+03  3.00217344e-01 
 1.13400000e+03  3.57026532e-01 
 1.13500000e+03  3.85154325e-01 
 1.13600000e+03  4.95852354e-01 
 1.13700000e+03  4.83434409e-01 
 1.13800000e+03  5.11690610e-01 
 1.13900000e+03  5.05106260e-01 
 1.14000000e+03  5.39841691e-01 
 1.14100000e+03  6.99058877e-01 
 1.14200000e+03  7.26880621e-01 
 1.14300000e+03  7.68368190e-01 
 1.14400000e+03  1.08048760e+00 
 1.14500000e+03  6.19549193e-01 
 1.14600000e+03  1.02983464e+00 
 1.14700000e+03  7.69099388e-01 
 1.14800000e+03  9.03214142e-01 
 1.14900000e+03  9.61017478e-01 
 1.15000000e+03  1.10897546e+00 
 1.15100000e+03  8.41792174e-01 
 1.15200000e+03  9.24889050e-01 
 1.15300000e+03  7.86687558e-01 
 1.15400000e+03  7.18219832e-01 
 1.15500000e+03  8.56869444e-01 
 1.15600000e+03  6.84420953e-01 
 1.15700000e+03  6.08423974e-01 
 1.15800000e+03  5.22088011e-01 
 1.15900000e+03  4.73605243e-01 
 1.16000000e+03  6.78628402e-01 
 1.16100000e+03  4.67906580e-01 
 1.16200000e+03  7.29705969e-01 
 1.16300000e+03  6.87238391e-01 
 1.16400000e+03  1.04612178e+00 
 1.16500000e+03  1.39654343e+00 
 1.16600000e+03  1.86557607e+00 
 1.16700000e+03  1.48983675e+00 
 1.16800000e+03  1.32111400e+00 
 1.16900000e+03  9.59544639e-01 
 1.17000000e+03  7.20066383e-01 
 1.17100000e+03  7.16472189e-01 
 1.17200000e+03  9.33102343e-01 
 1.17300000e+03  8.80966654e-01 
 1.17400000e+03  7.88238263e-01 
 1.17500000e+03  7.73223176e-01 
 1.17600000e+03  4.83565007e-01 
 1.17700000e+03  4.90873757e-01 
 1.17800000e+03  4.35308605e-01 
 1.17900000e+03  5.63463899e-01 
 1.18000000e+03  7.93407174e-01 
 1.18100000e+03  3.44328741e-01 
 1.18200000e+03  5.52028392e-01 
 1.18300000e+03  7.95877674e-01 
 1.18400000e+03  9.34799991e-01 
 1.18500000e+03  1.19568760e+00 
 1.18600000e+03  9.19032763e-01 
 1.18700000e+03  9.92334868e-01 
 1.18800000e+03  8.15102849e-01 
 1.18900000e+03  6.39793672e-01 
 1.19000000e+03  4.70154126e-01 
 1.19100000e+03  7.53278036e-01 
 1.19200000e+03  5.78577459e-01 
 1.19300000e+03  8.30673148e-01 
 1.19400000e+03  1.14887741e+00 
 1.19500000e+03  1.65863163e+00 
 1.19600000e+03  2.78723319e+00 
 1.19700000e+03  2.67676809e+00 
 1.19800000e+03  2.90254913e+00 
 1.19900000e+03  2.64707419e+00 
 1.20000000e+03  2.38320374e+00 
 1.20100000e+03  3.29731228e+00 
 1.20200000e+03  2.47737176e+00 
 1.20300000e+03  1.72932538e+00 
 1.20400000e+03  1.50208981e+00 
 1.20500000e+03  1.36148524e+00 
 1.20600000e+03  1.25071202e+00 
 1.20700000e+03  1.71013889e+00 
 1.20800000e+03  1.75061418e+00 
 1.20900000e+03  1.99510025e+00 
 1.21000000e+03  1.40193132e+00 
 1.21100000e+03  1.29855174e+00 
 1.21200000e+03  8.92320762e-01 
 1.21300000e+03  8.59680509e-01 
 1.21400000e+03  8.40855949e-01 
 1.21500000e+03  6.92160793e-01 
 1.21600000e+03  7.52567252e-01 
 1.21700000e+03  8.85874963e-01 
 1.21800000e+03  1.12143968e+00 
 1.21900000e+03  1.12295296e+00 
 1.22000000e+03  1.12237649e+00 
 1.22100000e+03  1.33745807e+00 
 1.22200000e+03  7.78205791e-01 
 1.22300000e+03  6.48674530e-01 
 1.22400000e+03  1.05153268e+00 
 1.22500000e+03  9.71515857e-01 
 1.22600000e+03  7.80230927e-01 
 1.22700000e+03  9.43532939e-01 
 1.22800000e+03  1.12482936e+00 
 1.22900000e+03  8.93139341e-01 
 1.23000000e+03  1.22504479e+00 
 1.23100000e+03  1.02748635e+00 
 1.23200000e+03  1.91140703e+00 
 1.23300000e+03  1.41824120e+00 
 1.23400000e+03  1.50367858e+00 
 1.23500000e+03  1.06958449e+00 
 1.23600000e+03  1.35741516e+00 
 1.23700000e+03  1.10540987e+00 
 1.23800000e+03  1.02946192e+00 
 1.23900000e+03  6.90968136e-01 
 1.24000000e+03  8.39827880e-01 
 1.24100000e+03  5.32252695e-01 
 1.24200000e+03  7.72308117e-01 
 1.24300000e+03  7.28084583e-01 
 1.24400000e+03  5.80858674e-01 
 1.24500000e+03  4.01586979e-01 
 1.24600000e+03  5.10247384e-01 
 1.24700000e+03  4.76940080e-01 
 1.24800000e+03  8.33975376e-01 
 1.24900000e+03  9.20262378e-01 
 1.25000000e+03  1.42808243e+00 
 1.25100000e+03  1.34767657e+00 
 1.25200000e+03  1.45036898e+00 
 1.25300000e+03  9.39711698e-01 
 1.25400000e+03  9.60706394e-01 
 1.25500000e+03  9.20338354e-01 
 1.25600000e+03  7.39703407e-01 
 1.25700000e+03  7.38056138e-01 
 1.25800000e+03  1.03773800e+00 
 1.25900000e+03  8.34993867e-01 
 1.26000000e+03  8.49431150e-01 
 1.26100000e+03  7.75590608e-01 
 1.26200000e+03  9.46384367e-01 
 1.26300000e+03  1.13663723e+00 
 1.26400000e+03  1.40592177e+00 
 1.26500000e+03  1.80781599e+00 
 1.26600000e+03  2.31838755e+00 
 1.26700000e+03  1.16910974e+00 
 1.26800000e+03  1.08108669e+00 
 1.26900000e+03  9.11133577e-01 
 1.27000000e+03  1.28988513e+00 
 1.27100000e+03  1.07545833e+00 
 1.27200000e+03  9.11417549e-01 
 1.27300000e+03  7.99693093e-01 
 1.27400000e+03  6.92610479e-01 
 1.27500000e+03  5.49702346e-01 
 1.27600000e+03  5.99631531e-01 
 1.27700000e+03  5.65856685e-01 
 1.27800000e+03  6.48319584e-01 
 1.27900000e+03  6.63816334e-01 
 1.28000000e+03  9.61680453e-01 
 1.28100000e+03  6.24168776e-01 
 1.28200000e+03  6.06721281e-01 
 1.28300000e+03  3.83619644e-01 
 1.28400000e+03  4.88618983e-01 
 1.28500000e+03  3.66989820e-01 
 1.28600000e+03  4.98479981e-01 
 1.28700000e+03  5.46339830e-01 
 1.28800000e+03  8.54019059e-01 
 1.28900000e+03  6.15731644e-01 
 1.29000000e+03  4.72311941e-01 
 1.29100000e+03  4.48827081e-01 
 1.29200000e+03  7.62609835e-01 
 1.29300000e+03  7.28349001e-01 
 1.29400000e+03  6.57945894e-01 
 1.29500000e+03  7.19798864e-01 
 1.29600000e+03  7.74011818e-01 
 1.29700000e+03  6.87342061e-01 
 1.29800000e+03  9.30045412e-01 
 1.29900000e+03  1.59150201e+00 
 1.30000000e+03  1.65313389e+00 
 1.30100000e+03  1.15101244e+00 
 1.30200000e+03  1.10261040e+00 
 1.30300000e+03  9.97370300e-01 
 1.30400000e+03  1.27275442e+00 
 1.30500000e+03  1.07761924e+00 
 1.30600000e+03  1.46177298e+00 
 1.30700000e+03  2.49176976e+00 
 1.30800000e+03  2.52918366e+00 
 1.30900000e+03  3.01583161e+00 
 1.31000000e+03  3.15710126e+00 
 1.31100000e+03  9.14730936e-01 
 1.31200000e+03  8.74138476e-01 
 1.31300000e+03  1.07080147e+00 
 1.31400000e+03  1.05718355e+00 
 1.31500000e+03  1.34791041e+00 
 1.31600000e+03  7.10041219e-01 
 1.31700000e+03  1.10437521e+00 
 1.31800000e+03  7.78226040e-01 
 1.31900000e+03  8.09479859e-01 
 1.32000000e+03  8.27648635e-01 
 1.32100000e+03  7.16586954e-01 
 1.32200000e+03  8.74934126e-01 
 1.32300000e+03  1.13770793e+00 
 1.32400000e+03  1.01236266e+00 
 1.32500000e+03  5.79244428e-01 
 1.32600000e+03  5.28745086e-01 
 1.32700000e+03  5.95398566e-01 
 1.32800000e+03  9.54301885e-01 
 1.32900000e+03  6.52335485e-01 
 1.33000000e+03  7.29746174e-01 
 1.33100000e+03  9.66998642e-01 
 1.33200000e+03  1.47755580e+00 
 1.33300000e+03  1.28281552e+00 
 1.33400000e+03  1.08681918e+00 
 1.33500000e+03  9.40270062e-01 
 1.33600000e+03  7.77099124e-01 
 1.33700000e+03  5.85812724e-01 
 1.33800000e+03  5.43055176e-01 
 1.33900000e+03  2.94210821e-01 
 1.34000000e+03  5.03851275e-01 
 1.34100000e+03  4.91857742e-01 
 1.34200000e+03  6.40226852e-01 
 1.34300000e+03  5.68329491e-01 
 1.34400000e+03  7.53704601e-01 
 1.34500000e+03  6.36398077e-01 
 1.34600000e+03  5.28034137e-01 
 1.34700000e+03  5.64859324e-01 
 1.34800000e+03  3.72733336e-01 
 1.34900000e+03  5.18857167e-01 
 1.35000000e+03  6.00187905e-01 
 1.35100000e+03  8.78787435e-01 
 1.35200000e+03  1.09922424e+00 
 1.35300000e+03  1.15702507e+00 
 1.35400000e+03  1.48402712e+00 
 1.35500000e+03  1.21180909e+00 
 1.35600000e+03  1.00631514e+00 
 1.35700000e+03  7.66174656e-01 
 1.35800000e+03  1.12722730e+00 
 1.35900000e+03  1.72391103e+00 
 1.36000000e+03  1.18901594e+00 
 1.36100000e+03  1.53134410e+00 
 1.36200000e+03  8.76806279e-01 
 1.36300000e+03  1.12937814e+00 
 1.36400000e+03  7.95289511e-01 
 1.36500000e+03  9.17158574e-01 
 1.36600000e+03  7.55048491e-01 
 1.36700000e+03  1.50002749e+00 
 1.36800000e+03  1.18527560e+00 
 1.36900000e+03  1.38193973e+00 
 1.37000000e+03  1.02795938e+00 
 1.37100000e+03  1.08954248e+00 
 1.37200000e+03  7.65457204e-01 
 1.37300000e+03  6.67957487e-01 
 1.37400000e+03  5.60696689e-01 
 1.37500000e+03  8.33595822e-01 
 1.37600000e+03  1.24309640e+00 
 1.37700000e+03  1.86703359e+00 
 1.37800000e+03  1.84124224e+00 
 1.37900000e+03  1.48331992e+00 
 1.38000000e+03  2.31698686e+00 
 1.38100000e+03  3.70013317e+00 
 1.38200000e+03  3.29951912e+00 
 1.38300000e+03  3.92074629e+00 
 1.38400000e+03  4.05798415e+00 
 1.38500000e+03  2.61093108e+00 
 1.38600000e+03  2.34162470e+00 
 1.38700000e+03  1.91291899e+00 
 1.38800000e+03  2.08409657e+00 
 1.38900000e+03  1.33642948e+00 
 1.39000000e+03  1.09232236e+00 
 1.39100000e+03  1.42076851e+00 
 1.39200000e+03  2.07180936e+00 
 1.39300000e+03  1.22473709e+00 
 1.39400000e+03  1.45547379e+00 
 1.39500000e+03  1.11943939e+00 
 1.39600000e+03  8.56149615e-01 
 1.39700000e+03  7.57743551e-01 
 1.39800000e+03  7.31524442e-01 
 1.39900000e+03  6.76486728e-01 
 1.40000000e+03  7.93496560e-01 
 1.40100000e+03  6.31167612e-01 
 1.40200000e+03  7.04305304e-01 
 1.40300000e+03  1.15401128e+00 
 1.40400000e+03  7.65614093e-01 
 1.40500000e+03  7.94658226e-01 
 1.40600000e+03  9.83358648e-01 
 1.40700000e+03  1.18592957e+00 
 1.40800000e+03  9.89956511e-01 
 1.40900000e+03  1.14438657e+00 
 1.41000000e+03  1.12714550e+00 
 1.41100000e+03  1.03870487e+00 
 1.41200000e+03  6.25723607e-01 
 1.41300000e+03  5.15483273e-01 
 1.41400000e+03  5.01579731e-01 
 1.41500000e+03  4.70372896e-01 
 1.41600000e+03  4.41277343e-01 
 1.41700000e+03  4.02152252e-01 
 1.41800000e+03  5.04031867e-01 
 1.41900000e+03  4.23389066e-01 
 1.42000000e+03  4.74237548e-01 
 1.42100000e+03  6.07277587e-01 
 1.42200000e+03  6.38653713e-01 
 1.42300000e+03  6.49067262e-01 
 1.42400000e+03  9.33947660e-01 
 1.42500000e+03  8.49776787e-01 
 1.42600000e+03  1.16953384e+00 
 1.42700000e+03  1.03989013e+00 
 1.42800000e+03  7.21533043e-01 
 1.42900000e+03  8.83218472e-01 
 1.43000000e+03  7.13479637e-01 
 1.43100000e+03  7.85657602e-01 
 1.43200000e+03  7.27638047e-01 
 1.43300000e+03  7.54728995e-01 
 1.43400000e+03  9.57516562e-01 
 1.43500000e+03  4.68399069e-01 
 1.43600000e+03  4.32233561e-01 
 1.43700000e+03  3.80618274e-01 
 1.43800000e+03  2.86987209e-01 
 1.43900000e+03  3.45770461e-01 
 1.44000000e+03  5.92116216e-01 
 1.44100000e+03  4.78752049e-01 
 1.44200000e+03  4.45855448e-01 
 1.44300000e+03  4.80624274e-01 
 1.44400000e+03  3.93188148e-01 
 1.44500000e+03  4.16901829e-01 
 1.44600000e+03  4.38580455e-01 
 1.44700000e+03  6.96130688e-01 
 1.44800000e+03  6.27852925e-01 
 1.44900000e+03  7.65861692e-01 
 1.45000000e+03  6.08050829e-01 
 1.45100000e+03  5.72325962e-01 
 1.45200000e+03  7.17814286e-01 
 1.45300000e+03  8.11532160e-01 
 1.45400000e+03  8.22171174e-01 
 1.45500000e+03  1.00303666e+00 
 1.45600000e+03  1.44312078e+00 
 1.45700000e+03  1.90781682e+00 
 1.45800000e+03  1.62956571e+00 
 1.45900000e+03  1.24459770e+00 
 1.46000000e+03  1.00751925e+00 
 1.46100000e+03  7.23578868e-01 
 1.46200000e+03  6.72181737e-01 
 1.46300000e+03  6.79986569e-01 
 1.46400000e+03  5.77086216e-01 
 1.46500000e+03  5.89107173e-01 
 1.46600000e+03  6.93929448e-01 
 1.46700000e+03  6.37527716e-01 
 1.46800000e+03  5.17494512e-01 
 1.46900000e+03  5.37417350e-01 
 1.47000000e+03  5.30499515e-01 
 1.47100000e+03  5.27188163e-01 
 1.47200000e+03  5.02897728e-01 
 1.47300000e+03  5.42262325e-01 
 1.47400000e+03  5.78877812e-01 
 1.47500000e+03  4.53288946e-01 
 1.47600000e+03  3.70963882e-01 
 1.47700000e+03  5.78283208e-01 
 1.47800000e+03  4.62642482e-01 
 1.47900000e+03  4.93574037e-01 
 1.48000000e+03  5.77428426e-01 
 1.48100000e+03  5.44128245e-01 
 1.48200000e+03  5.20275925e-01 
 1.48300000e+03  4.52302332e-01 
 1.48400000e+03  4.45161692e-01 
 1.48500000e+03  4.08999627e-01 
 1.48600000e+03  6.41209272e-01 
 1.48700000e+03  4.62373490e-01 
 1.48800000e+03  3.88693890e-01 
 1.48900000e+03  3.01765880e-01 
 1.49000000e+03  1.81715257e-01 
 1.49100000e+03  2.75884625e-01 
 1.49200000e+03  3.77969189e-01 
 1.49300000e+03  3.76316604e-01 
 1.49400000e+03  2.85143477e-01 
 1.49500000e+03  2.35296384e-01 
 1.49600000e+03  2.33536792e-01 
 1.49700000e+03  2.83197280e-01 
 1.49800000e+03  2.26934528e-01 
 1.49900000e+03  3.15497699e-01 
 1.50000000e+03  3.52552655e-01 
 1.50100000e+03  3.18618531e-01 
 1.50200000e+03  4.27697807e-01 
 1.50300000e+03  4.29148318e-01 
 1.50400000e+03  6.23882102e-01 
 1.50500000e+03  5.94791067e-01 
 1.50600000e+03  6.14376031e-01 
 1.50700000e+03  4.98544789e-01 
 1.50800000e+03  4.54355115e-01 
 1.50900000e+03  4.06497001e-01 
 1.51000000e+03  3.80562699e-01 
 1.51100000e+03  6.88493268e-01 
 1.51200000e+03  6.73107373e-01 
 1.51300000e+03  7.66384296e-01 
 1.51400000e+03  7.06972987e-01 
 1.51500000e+03  5.67224141e-01 
 1.51600000e+03  4.18237266e-01 
 1.51700000e+03  5.06998091e-01 
 1.51800000e+03  4.77574208e-01 
 1.51900000e+03  6.35772982e-01 
 1.52000000e+03  9.61945814e-01 
 1.52100000e+03  7.53897181e-01 
 1.52200000e+03  7.96576448e-01 
 1.52300000e+03  6.82438897e-01 
 1.52400000e+03  8.09004001e-01 
 1.52500000e+03  6.95580867e-01 
 1.52600000e+03  7.30369822e-01 
 1.52700000e+03  5.94737392e-01 
 1.52800000e+03  4.44313902e-01 
 1.52900000e+03  6.73341674e-01 
 1.53000000e+03  8.21553272e-01 
 1.53100000e+03  5.53895789e-01 
 1.53200000e+03  4.46858642e-01 
 1.53300000e+03  4.79677437e-01 
 1.53400000e+03  4.59451060e-01 
 1.53500000e+03  4.83064103e-01 
 1.53600000e+03  6.52947190e-01 
 1.53700000e+03  4.97874875e-01 
 1.53800000e+03  4.85822722e-01 
 1.53900000e+03  5.28687132e-01 
 1.54000000e+03  4.34695128e-01 
 1.54100000e+03  4.38685876e-01 
 1.54200000e+03  3.56075038e-01 
 1.54300000e+03  2.76996151e-01 
 1.54400000e+03  4.13386045e-01 
 1.54500000e+03  2.95497542e-01 
 1.54600000e+03  2.32075490e-01 
 1.54700000e+03  1.87494342e-01 
 1.54800000e+03  2.36349059e-01 
 1.54900000e+03  2.34974423e-01 
 1.55000000e+03  3.52274319e-01 
 1.55100000e+03  6.28844695e-01 
 1.55200000e+03  5.40142012e-01 
 1.55300000e+03  4.41850974e-01 
 1.55400000e+03  4.70801166e-01 
 1.55500000e+03  4.79987754e-01 
 1.55600000e+03  4.82387999e-01 
 1.55700000e+03  3.63243958e-01 
 1.55800000e+03  3.17512180e-01 
 1.55900000e+03  3.83412398e-01 
 1.56000000e+03  5.93819186e-01 
 1.56100000e+03  1.02467603e+00 
 1.56200000e+03  1.33828567e+00 
 1.56300000e+03  1.04944206e+00 
 1.56400000e+03  6.66065344e-01 
 1.56500000e+03  6.44027269e-01 
 1.56600000e+03  7.28993560e-01 
 1.56700000e+03  6.65796048e-01 
 1.56800000e+03  1.33188119e+00 
 1.56900000e+03  8.84586557e-01 
 1.57000000e+03  6.29261841e-01 
 1.57100000e+03  8.15597832e-01 
 1.57200000e+03  8.56184273e-01 
 1.57300000e+03  1.52837846e+00 
 1.57400000e+03  1.38025387e+00 
 1.57500000e+03  1.06229122e+00 
 1.57600000e+03  1.39536380e+00 
 1.57700000e+03  1.52538671e+00 
 1.57800000e+03  1.71510508e+00 
 1.57900000e+03  1.38573407e+00 
 1.58000000e+03  1.39376395e+00 
 1.58100000e+03  1.21721485e+00 
 1.58200000e+03  1.33295032e+00 
 1.58300000e+03  2.14177858e+00 
 1.58400000e+03  2.38361225e+00 
 1.58500000e+03  2.44290860e+00 
 1.58600000e+03  2.06046128e+00 
 1.58700000e+03  2.55632225e+00 
 1.58800000e+03  2.42047416e+00 
 1.58900000e+03  2.82260006e+00 
 1.59000000e+03  3.33417936e+00 
 1.59100000e+03  3.88890750e+00 
 1.59200000e+03  3.04670015e+00 
 1.59300000e+03  2.31915319e+00 
 1.59400000e+03  2.32691794e+00 
 1.59500000e+03  2.06152062e+00 
 1.59600000e+03  1.86476865e+00 
 1.59700000e+03  2.58210806e+00 
 1.59800000e+03  2.91690444e+00 
 1.59900000e+03  2.53077322e+00 
 1.60000000e+03  2.19857338e+00 
 1.60100000e+03  1.41869743e+00 
 1.60200000e+03  2.26979775e+00 
 1.60300000e+03  2.00902457e+00 
 1.60400000e+03  1.13159520e+00 
 1.60500000e+03  8.15527938e-01 
 1.60600000e+03  5.75490499e-01 
 1.60700000e+03  6.84275749e-01 
 1.60800000e+03  5.55994195e-01 
 1.60900000e+03  5.15489598e-01 
 1.61000000e+03  6.00292868e-01 
 1.61100000e+03  8.37410971e-01 
 1.61200000e+03  5.09945524e-01 
 1.61300000e+03  4.98982341e-01 
 1.61400000e+03  4.28662160e-01 
 1.61500000e+03  3.43085211e-01 
 1.61600000e+03  5.83007370e-01 
 1.61700000e+03  5.31315555e-01 
 1.61800000e+03  5.55594998e-01 
 1.61900000e+03  5.80907255e-01 
 1.62000000e+03  4.23429809e-01 
 1.62100000e+03  4.00590693e-01 
 1.62200000e+03  3.89703788e-01 
 1.62300000e+03  3.94481359e-01 
 1.62400000e+03  6.76886895e-01 
 1.62500000e+03  7.22085401e-01 
 1.62600000e+03  4.60910670e-01 
 1.62700000e+03  3.23502890e-01 
 1.62800000e+03  3.20421564e-01 
 1.62900000e+03  2.40509331e-01 
 1.63000000e+03  3.66980894e-01 
 1.63100000e+03  3.62833015e-01 
 1.63200000e+03  3.98773039e-01 
 1.63300000e+03  3.68870713e-01 
 1.63400000e+03  4.94365309e-01 
 1.63500000e+03  5.38822565e-01 
 1.63600000e+03  4.64277113e-01 
 1.63700000e+03  6.07552408e-01 
 1.63800000e+03  1.06187455e+00 
 1.63900000e+03  7.04310848e-01 
 1.64000000e+03  8.66475637e-01 
 1.64100000e+03  7.93000394e-01 
 1.64200000e+03  1.20053011e+00 
 1.64300000e+03  1.02845372e+00 
 1.64400000e+03  1.25664061e+00 
 1.64500000e+03  9.57631036e-01 
 1.64600000e+03  7.08198168e-01 
 1.64700000e+03  9.88183989e-01 
 1.64800000e+03  1.10455516e+00 
 1.64900000e+03  9.03007456e-01 
 1.65000000e+03  1.21407461e+00 
 1.65100000e+03  9.40905702e-01 
 1.65200000e+03  1.01257886e+00 
 1.65300000e+03  1.30295398e+00 
 1.65400000e+03  1.15780721e+00 
 1.65500000e+03  1.47161930e+00 
 1.65600000e+03  7.99300217e-01 
 1.65700000e+03  6.51961817e-01 
 1.65800000e+03  6.73408766e-01 
 1.65900000e+03  5.56509688e-01 
 1.66000000e+03  4.43720595e-01 
 1.66100000e+03  4.73403369e-01 
 1.66200000e+03  4.44423574e-01 
 1.66300000e+03  5.29009743e-01 
 1.66400000e+03  5.87902226e-01 
 1.66500000e+03  3.17153031e-01 
 1.66600000e+03  3.73162750e-01 
 1.66700000e+03  4.01971974e-01 
 1.66800000e+03  3.08737816e-01 
 1.66900000e+03  3.48343307e-01 
 1.67000000e+03  3.97703901e-01 
 1.67100000e+03  4.37621234e-01 
 1.67200000e+03  4.97045412e-01 
 1.67300000e+03  4.49239454e-01 
 1.67400000e+03  5.51759436e-01 
 1.67500000e+03  8.07477904e-01 
 1.67600000e+03  7.41779413e-01 
 1.67700000e+03  6.94790951e-01 
 1.67800000e+03  9.57150707e-01 
 1.67900000e+03  1.11803711e+00 
 1.68000000e+03  6.77101756e-01 
 1.68100000e+03  7.53724888e-01 
 1.68200000e+03  8.76740839e-01 
 1.68300000e+03  7.85905590e-01 
 1.68400000e+03  8.52209682e-01 
 1.68500000e+03  1.18439023e+00 
 1.68600000e+03  1.21995440e+00 
 1.68700000e+03  1.60068390e+00 
 1.68800000e+03  1.36897909e+00 
 1.68900000e+03  1.24047572e+00 
 1.69000000e+03  1.12521841e+00 
 1.69100000e+03  1.33979342e+00 
 1.69200000e+03  1.61931097e+00 
 1.69300000e+03  1.91587370e+00 
 1.69400000e+03  1.69424668e+00 
 1.69500000e+03  2.01544087e+00 
 1.69600000e+03  2.45808299e+00 
 1.69700000e+03  1.79960036e+00 
 1.69800000e+03  1.74953727e+00 
 1.69900000e+03  1.78796277e+00 
 1.70000000e+03  1.99042191e+00 
 1.70100000e+03  1.99661076e+00 
 1.70200000e+03  1.43946712e+00 
 1.70300000e+03  1.05448891e+00 
 1.70400000e+03  1.20724772e+00 
 1.70500000e+03  7.36696042e-01 
 1.70600000e+03  6.69107548e-01 
 1.70700000e+03  6.51237314e-01 
 1.70800000e+03  5.02247897e-01 
 1.70900000e+03  7.45832549e-01 
 1.71000000e+03  5.07998193e-01 
 1.71100000e+03  6.78112380e-01 
 1.71200000e+03  9.97431868e-01 
 1.71300000e+03  9.33898695e-01 
 1.71400000e+03  5.84201019e-01 
 1.71500000e+03  7.48019032e-01 
 1.71600000e+03  6.56068808e-01 
 1.71700000e+03  7.72128858e-01 
 1.71800000e+03  6.30973731e-01 
 1.71900000e+03  4.53295154e-01 
 1.72000000e+03  4.37030037e-01 
 1.72100000e+03  5.53871984e-01 
 1.72200000e+03  4.22728788e-01 
 1.72300000e+03  2.91734369e-01 
 1.72400000e+03  2.45887222e-01 
 1.72500000e+03  3.01381997e-01 
 1.72600000e+03  3.10256752e-01 
 1.72700000e+03  3.52394226e-01 
 1.72800000e+03  3.51241349e-01 
 1.72900000e+03  7.25253040e-01 
 1.73000000e+03  5.81863419e-01 
 1.73100000e+03  2.72576985e-01 
 1.73200000e+03  3.39424020e-01 
 1.73300000e+03  2.93606411e-01 
 1.73400000e+03  3.09976266e-01 
 1.73500000e+03  3.72419603e-01 
 1.73600000e+03  6.30997703e-01 
 1.73700000e+03  8.71587875e-01 
 1.73800000e+03  7.39899484e-01 
 1.73900000e+03  1.11139918e+00 
 1.74000000e+03  8.52137494e-01 
 1.74100000e+03  1.10638997e+00 
 1.74200000e+03  7.54217877e-01 
 1.74300000e+03  8.54422759e-01 
 1.74400000e+03  7.93454169e-01 
 1.74500000e+03  1.16194024e+00 
 1.74600000e+03  1.00051987e+00 
 1.74700000e+03  1.62905907e+00 
 1.74800000e+03  2.05420405e+00 
 1.74900000e+03  1.44876738e+00 
 1.75000000e+03  1.21171844e+00 
 1.75100000e+03  1.26655098e+00 
 1.75200000e+03  1.53154312e+00 
 1.75300000e+03  1.41816660e+00 
 1.75400000e+03  1.22262053e+00 
 1.75500000e+03  1.16416755e+00 
 1.75600000e+03  1.20705073e+00 
 1.75700000e+03  1.27953294e+00 
 1.75800000e+03  1.46025827e+00 
 1.75900000e+03  1.43461257e+00 
 1.76000000e+03  1.67058129e+00 
 1.76100000e+03  1.91415576e+00 
 1.76200000e+03  1.51960624e+00 
 1.76300000e+03  1.80653443e+00 
 1.76400000e+03  2.14969233e+00 
 1.76500000e+03  1.81465416e+00 
 1.76600000e+03  2.36935033e+00 
 1.76700000e+03  2.25349154e+00 
 1.76800000e+03  1.95846999e+00 
 1.76900000e+03  2.10814958e+00 
 1.77000000e+03  1.62456360e+00 
 1.77100000e+03  1.65185629e+00 
 1.77200000e+03  2.08709930e+00 
 1.77300000e+03  1.37386056e+00 
 1.77400000e+03  1.38701276e+00 
 1.77500000e+03  9.01486784e-01 
 1.77600000e+03  1.67435340e+00 
 1.77700000e+03  1.50936133e+00 
 1.77800000e+03  1.50119719e+00 
 1.77900000e+03  1.84218961e+00 
 1.78000000e+03  1.94840255e+00 
 1.78100000e+03  2.43934047e+00 
 1.78200000e+03  2.88209398e+00 
 1.78300000e+03  2.37785434e+00 
 1.78400000e+03  3.06419722e+00 
 1.78500000e+03  5.03328730e+00 
 1.78600000e+03  4.33354985e+00 
 1.78700000e+03  2.33577690e+00 
 1.78800000e+03  1.78733424e+00 
 1.78900000e+03  2.66123542e+00 
 1.79000000e+03  3.78802082e+00 
 1.79100000e+03  2.63560326e+00 
 1.79200000e+03  3.74476995e+00 
 1.79300000e+03  4.52385391e+00 
 1.79400000e+03  2.98706624e+00 
 1.79500000e+03  3.15504618e+00 
 1.79600000e+03  3.83328646e+00 
 1.79700000e+03  3.15052341e+00 
 1.79800000e+03  3.86226724e+00 
 1.79900000e+03  4.76192141e+00 
 1.80000000e+03  5.59127010e+00 
 1.80100000e+03  6.90728393e+00 
 1.80200000e+03  5.95070403e+00 
 1.80300000e+03  6.08600322e+00 
 1.80400000e+03  5.54061884e+00 
 1.80500000e+03  5.22450737e+00 
 1.80600000e+03  5.20443082e+00 
 1.80700000e+03  5.69864737e+00 
 1.80800000e+03  4.37772748e+00 
 1.80900000e+03  3.21788333e+00 
 1.81000000e+03  4.12816852e+00 
 1.81100000e+03  3.17417885e+00 
 1.81200000e+03  2.97496724e+00 
 1.81300000e+03  2.36381866e+00 
 1.81400000e+03  3.00190729e+00 
 1.81500000e+03  2.84239737e+00 
 1.81600000e+03  2.77453279e+00 
 1.81700000e+03  2.74887708e+00 
 1.81800000e+03  2.44788325e+00 
 1.81900000e+03  2.33317922e+00 
 1.82000000e+03  3.00839085e+00 
 1.82100000e+03  2.35012196e+00 
 1.82200000e+03  2.47437932e+00 
 1.82300000e+03  2.64004756e+00 
 1.82400000e+03  3.20872402e+00 
 1.82500000e+03  2.93875512e+00 
 1.82600000e+03  3.20728513e+00 
 1.82700000e+03  3.34200508e+00 
 1.82800000e+03  4.39794436e+00 
 1.82900000e+03  3.26009078e+00 
 1.83000000e+03  2.38702392e+00 
 1.83100000e+03  1.88407249e+00 
 1.83200000e+03  2.31497495e+00 
 1.83300000e+03  2.60196392e+00 
 1.83400000e+03  3.36440506e+00 
 1.83500000e+03  2.34120957e+00 
 1.83600000e+03  3.57166646e+00 
 1.83700000e+03  2.81893252e+00 
 1.83800000e+03  2.62511453e+00 
 1.83900000e+03  1.87744372e+00 
 1.84000000e+03  1.65095857e+00 
 1.84100000e+03  1.91688500e+00 
 1.84200000e+03  1.63869230e+00 
 1.84300000e+03  2.10693802e+00 
 1.84400000e+03  1.53779140e+00 
 1.84500000e+03  1.38821981e+00 
 1.84600000e+03  1.54779754e+00 
 1.84700000e+03  1.81609416e+00 
 1.84800000e+03  1.33160517e+00 
 1.84900000e+03  1.53771059e+00 
 1.85000000e+03  8.42005412e-01 
 1.85100000e+03  1.14263710e+00 
 1.85200000e+03  1.15357146e+00 
 1.85300000e+03  9.10299155e-01 
 1.85400000e+03  8.37456250e-01 
 1.85500000e+03  9.16259059e-01 
 1.85600000e+03  1.45074003e+00 
 1.85700000e+03  1.66101973e+00 
 1.85800000e+03  1.09024036e+00 
 1.85900000e+03  6.34045584e-01 
 1.86000000e+03  6.32862396e-01 
 1.86100000e+03  7.53103855e-01 
 1.86200000e+03  6.37304637e-01 
 1.86300000e+03  8.55865551e-01 
 1.86400000e+03  7.76131644e-01 
 1.86500000e+03  8.46760450e-01 
 1.86600000e+03  8.55484170e-01 
 1.86700000e+03  8.11611713e-01 
 1.86800000e+03  8.75313152e-01 
 1.86900000e+03  6.98988599e-01 
 1.87000000e+03  6.52125487e-01 
 1.87100000e+03  6.90653484e-01 
 1.87200000e+03  4.67048198e-01 
 1.87300000e+03  6.00249739e-01 
 1.87400000e+03  5.90557728e-01 
 1.87500000e+03  9.30538410e-01 
 1.87600000e+03  1.23223707e+00 
 1.87700000e+03  7.34792646e-01 
 1.87800000e+03  7.88444782e-01 
 1.87900000e+03  5.46907295e-01 
 1.88000000e+03  6.92776015e-01 
 1.88100000e+03  1.00300438e+00 
 1.88200000e+03  7.77153009e-01 
 1.88300000e+03  5.54152321e-01 
 1.88400000e+03  7.28679819e-01 
 1.88500000e+03  5.93679666e-01 
 1.88600000e+03  5.25039784e-01 
 1.88700000e+03  8.71948471e-01 
 1.88800000e+03  1.05503275e+00 
 1.88900000e+03  7.02403641e-01 
 1.89000000e+03  7.39306803e-01 
 1.89100000e+03  1.55358085e+00 
 1.89200000e+03  1.09243722e+00 
 1.89300000e+03  9.19963555e-01 
 1.89400000e+03  7.43169196e-01 
 1.89500000e+03  1.07084159e+00 
 1.89600000e+03  7.16637876e-01 
 1.89700000e+03  7.03696259e-01 
 1.89800000e+03  6.77244324e-01 
 1.89900000e+03  5.93796123e-01 
 1.90000000e+03  4.84690003e-01 
 1.90100000e+03  6.32346901e-01 
 1.90200000e+03  4.47472791e-01 
 1.90300000e+03  7.09292108e-01 
 1.90400000e+03  4.95956257e-01 
 1.90500000e+03  7.80590049e-01 
 1.90600000e+03  8.80788963e-01 
 1.90700000e+03  8.13696716e-01 
 1.90800000e+03  1.33403371e+00 
 1.90900000e+03  1.00385334e+00 
 1.91000000e+03  1.78261765e+00 
 1.91100000e+03  7.24436345e-01 
 1.91200000e+03  8.62428997e-01 
 1.91300000e+03  1.11702060e+00 
 1.91400000e+03  1.01364269e+00 
 1.91500000e+03  7.58933109e-01 
 1.91600000e+03  8.55494036e-01 
 1.91700000e+03  7.43475958e-01 
 1.91800000e+03  5.40861020e-01 
 1.91900000e+03  8.01077172e-01 
 1.92000000e+03  7.32629502e-01 
 1.92100000e+03  9.30531389e-01 
 1.92200000e+03  9.93400273e-01 
 1.92300000e+03  8.15797221e-01 
 1.92400000e+03  8.90448112e-01 
 1.92500000e+03  7.87178233e-01 
 1.92600000e+03  6.52281353e-01 
 1.92700000e+03  9.15944484e-01 
 1.92800000e+03  8.11036383e-01 
 1.92900000e+03  1.05907299e+00 
 1.93000000e+03  1.12866782e+00 
 1.93100000e+03  7.65148446e-01 
 1.93200000e+03  7.01869001e-01 
 1.93300000e+03  6.65086003e-01 
 1.93400000e+03  5.33701747e-01 
 1.93500000e+03  4.15218223e-01 
 1.93600000e+03  9.39728358e-01 
 1.93700000e+03  1.00141874e+00 
 1.93800000e+03  8.47139865e-01 
 1.93900000e+03  6.34776724e-01 
 1.94000000e+03  6.70870283e-01 
 1.94100000e+03  7.60420831e-01 
 1.94200000e+03  7.42222430e-01 
 1.94300000e+03  5.31280536e-01 
 1.94400000e+03  6.99024323e-01 
 1.94500000e+03  6.55037885e-01 
 1.94600000e+03  5.92757180e-01 
 1.94700000e+03  5.36043253e-01 
 1.94800000e+03  6.50512705e-01 
 1.94900000e+03  6.37116621e-01 
 1.95000000e+03  4.43336942e-01 
 1.95100000e+03  4.94122203e-01 
 1.95200000e+03  4.69397443e-01 
 1.95300000e+03  5.17464458e-01 
 1.95400000e+03  8.50917933e-01 
 1.95500000e+03  6.24028577e-01 
 1.95600000e+03  4.63308200e-01 
 1.95700000e+03  5.17476766e-01 
 1.95800000e+03  4.64298279e-01 
 1.95900000e+03  2.83604239e-01 
 1.96000000e+03  3.21536528e-01 
 1.96100000e+03  4.03476212e-01 
 1.96200000e+03  3.94766243e-01 
 1.96300000e+03  5.51297456e-01 
 1.96400000e+03  5.07212214e-01 
 1.96500000e+03  5.28888116e-01 
 1.96600000e+03  5.85368569e-01 
 1.96700000e+03  4.85630441e-01 
 1.96800000e+03  6.92899530e-01 
 1.96900000e+03  1.35286731e+00 
 1.97000000e+03  8.30695261e-01 
 1.97100000e+03  8.62581562e-01 
 1.97200000e+03  9.33762319e-01 
 1.97300000e+03  5.22875801e-01 
 1.97400000e+03  5.99991794e-01 
 1.97500000e+03  5.94585251e-01 
 1.97600000e+03  4.30476236e-01 
 1.97700000e+03  4.32525341e-01 
 1.97800000e+03  3.66412775e-01 
 1.97900000e+03  4.77871777e-01 
 1.98000000e+03  3.53111335e-01 
 1.98100000e+03  3.37014846e-01 
 1.98200000e+03  5.44177560e-01 
 1.98300000e+03  6.30875414e-01 
 1.98400000e+03  4.99484419e-01 
 1.98500000e+03  6.94154411e-01 
 1.98600000e+03  8.56185746e-01 
 1.98700000e+03  9.50047578e-01 
 1.98800000e+03  1.37761378e+00 
 1.98900000e+03  1.84857375e+00 
 1.99000000e+03  1.46552260e+00 
 1.99100000e+03  1.20487805e+00 
 1.99200000e+03  1.32748308e+00 
 1.99300000e+03  1.07779094e+00 
 1.99400000e+03  1.42221603e+00 
 1.99500000e+03  1.28038293e+00 
 1.99600000e+03  1.67578528e+00 
 1.99700000e+03  1.37613890e+00 
 1.99800000e+03  1.06209319e+00 
 1.99900000e+03  1.07812096e+00 
 2.00000000e+03  1.17468573e+00 
