 1.00000000e+00  5.00000000e-01 
 2.00000000e+00  6.46074400e-01 
 3.00000000e+00  9.84386229e-01 
 4.00000000e+00  8.86707840e-01 
 5.00000000e+00  9.88153700e-01 
 6.00000000e+00  1.53678708e+00 
 7.00000000e+00  2.49759896e+00 
 8.00000000e+00  2.20932907e+00 
 9.00000000e+00  2.74777204e+00 
 1.00000000e+01  2.53719298e+00 
 1.10000000e+01  2.15028332e+00 
 1.20000000e+01  2.21588534e+00 
 1.30000000e+01  3.00958627e+00 
 1.40000000e+01  2.08867940e+00 
 1.50000000e+01  2.69850869e+00 
 1.60000000e+01  1.75355439e+00 
 1.70000000e+01  1.88026402e+00 
 1.80000000e+01  2.01300210e+00 
 1.90000000e+01  2.31374713e+00 
 2.00000000e+01  3.09799458e+00 
 2.10000000e+01  3.56362005e+00 
 2.20000000e+01  4.41749824e+00 
 2.30000000e+01  4.15286954e+00 
 2.40000000e+01  5.75372608e+00 
 2.50000000e+01  5.62214111e+00 
 2.60000000e+01  6.56670395e+00 
 2.70000000e+01  4.28433352e+00 
 2.80000000e+01  3.82683710e+00 
 2.90000000e+01  5.23493496e+00 
 3.00000000e+01  3.97392292e+00 
 3.10000000e+01  2.81672029e+00 
 3.20000000e+01  4.39819053e+00 
 3.30000000e+01  5.98887296e+00 
 3.40000000e+01  4.89902546e+00 
 3.50000000e+01  3.94258960e+00 
 3.60000000e+01  2.29369267e+00 
 3.70000000e+01  3.01423974e+00 
 3.80000000e+01  2.30041081e+00 
 3.90000000e+01  3.49523588e+00 
 4.00000000e+01  3.13558566e+00 
 4.10000000e+01  3.83208075e+00 
 4.20000000e+01  2.54573542e+00 
 4.30000000e+01  2.30939640e+00 
 4.40000000e+01  1.94805240e+00 
 4.50000000e+01  1.73709088e+00 
 4.60000000e+01  2.23123498e+00 
 4.70000000e+01  2.01564661e+00 
 4.80000000e+01  2.77511356e+00 
 4.90000000e+01  2.63205181e+00 
 5.00000000e+01  3.12335707e+00 
 5.10000000e+01  2.43674330e+00 
 5.20000000e+01  2.79590430e+00 
 5.30000000e+01  2.70165224e+00 
 5.40000000e+01  2.39872428e+00 
 5.50000000e+01  2.60211683e+00 
 5.60000000e+01  3.18469769e+00 
 5.70000000e+01  3.08630530e+00 
 5.80000000e+01  3.41720065e+00 
 5.90000000e+01  4.41388942e+00 
 6.00000000e+01  7.19528977e+00 
 6.10000000e+01  6.43033719e+00 
 6.20000000e+01  5.80433922e+00 
 6.30000000e+01  5.58510560e+00 
 6.40000000e+01  6.65403945e+00 
 6.50000000e+01  7.90189185e+00 
 6.60000000e+01  6.84343506e+00 
 6.70000000e+01  6.94726323e+00 
 6.80000000e+01  4.84847765e+00 
 6.90000000e+01  5.74067424e+00 
 7.00000000e+01  2.93594692e+00 
 7.10000000e+01  3.49806536e+00 
 7.20000000e+01  3.18741890e+00 
 7.30000000e+01  3.00331263e+00 
 7.40000000e+01  2.23037142e+00 
 7.50000000e+01  4.06334900e+00 
 7.60000000e+01  3.67077589e+00 
 7.70000000e+01  3.55572569e+00 
 7.80000000e+01  6.23862494e+00 
 7.90000000e+01  3.67088673e+00 
 8.00000000e+01  3.78811186e+00 
 8.10000000e+01  4.94457975e+00 
 8.20000000e+01  5.83069526e+00 
 8.30000000e+01  5.37037920e+00 
 8.40000000e+01  4.94778416e+00 
 8.50000000e+01  4.88419848e+00 
 8.60000000e+01  6.44038366e+00 
 8.70000000e+01  7.80072282e+00 
 8.80000000e+01  8.47320603e+00 
 8.90000000e+01  6.59638603e+00 
 9.00000000e+01  5.06803096e+00 
 9.10000000e+01  6.17784635e+00 
 9.20000000e+01  5.91025375e+00 
 9.30000000e+01  5.41360049e+00 
 9.40000000e+01  5.21703848e+00 
 9.50000000e+01  7.29676943e+00 
 9.60000000e+01  1.03704072e+01 
 9.70000000e+01  9.99272973e+00 
 9.80000000e+01  8.40809981e+00 
 9.90000000e+01  9.71010887e+00 
 1.00000000e+02  1.06408797e+01 
 1.01000000e+02  8.72467118e+00 
 1.02000000e+02  9.41041145e+00 
 1.03000000e+02  9.09186004e+00 
 1.04000000e+02  8.69322650e+00 
 1.05000000e+02  8.51208694e+00 
 1.06000000e+02  7.94417512e+00 
 1.07000000e+02  1.27643807e+01 
 1.08000000e+02  9.89002310e+00 
 1.09000000e+02  7.49099634e+00 
 1.10000000e+02  7.88429751e+00 
 1.11000000e+02  1.04052958e+01 
 1.12000000e+02  7.74255153e+00 
 1.13000000e+02  8.20818231e+00 
 1.14000000e+02  9.87585127e+00 
 1.15000000e+02  6.76010470e+00 
 1.16000000e+02  5.99091380e+00 
 1.17000000e+02  6.84967043e+00 
 1.18000000e+02  6.69769253e+00 
 1.19000000e+02  8.18918712e+00 
 1.20000000e+02  6.37936385e+00 
 1.21000000e+02  5.48268645e+00 
 1.22000000e+02  7.71242065e+00 
 1.23000000e+02  5.22223903e+00 
 1.24000000e+02  4.34841517e+00 
 1.25000000e+02  5.49432854e+00 
 1.26000000e+02  5.46687233e+00 
 1.27000000e+02  5.63821373e+00 
 1.28000000e+02  6.09551702e+00 
 1.29000000e+02  4.43805446e+00 
 1.30000000e+02  4.45553008e+00 
 1.31000000e+02  4.15699327e+00 
 1.32000000e+02  5.83020092e+00 
 1.33000000e+02  7.86209660e+00 
 1.34000000e+02  5.32053663e+00 
 1.35000000e+02  4.13066373e+00 
 1.36000000e+02  4.80904508e+00 
 1.37000000e+02  4.21433158e+00 
 1.38000000e+02  4.96017877e+00 
 1.39000000e+02  5.92623750e+00 
 1.40000000e+02  8.96208632e+00 
 1.41000000e+02  7.43718780e+00 
 1.42000000e+02  6.40094240e+00 
 1.43000000e+02  6.22679805e+00 
 1.44000000e+02  5.40159603e+00 
 1.45000000e+02  6.25562952e+00 
 1.46000000e+02  6.16962331e+00 
 1.47000000e+02  3.88384717e+00 
 1.48000000e+02  3.55725455e+00 
 1.49000000e+02  3.76621390e+00 
 1.50000000e+02  4.76622767e+00 
 1.51000000e+02  4.32871498e+00 
 1.52000000e+02  3.62798538e+00 
 1.53000000e+02  4.76491129e+00 
 1.54000000e+02  3.50091030e+00 
 1.55000000e+02  4.37579511e+00 
 1.56000000e+02  3.79912298e+00 
 1.57000000e+02  2.93960214e+00 
 1.58000000e+02  3.82823242e+00 
 1.59000000e+02  6.49677869e+00 
 1.60000000e+02  6.39484570e+00 
 1.61000000e+02  4.51423713e+00 
 1.62000000e+02  4.58513606e+00 
 1.63000000e+02  5.86018493e+00 
 1.64000000e+02  7.72139309e+00 
 1.65000000e+02  6.69117206e+00 
 1.66000000e+02  7.84689215e+00 
 1.67000000e+02  9.01574328e+00 
 1.68000000e+02  8.46476566e+00 
 1.69000000e+02  6.55810025e+00 
 1.70000000e+02  1.29039958e+01 
 1.71000000e+02  8.07865142e+00 
 1.72000000e+02  7.84555900e+00 
 1.73000000e+02  9.39133465e+00 
 1.74000000e+02  5.37354213e+00 
 1.75000000e+02  5.86297857e+00 
 1.76000000e+02  5.77107527e+00 
 1.77000000e+02  5.29117002e+00 
 1.78000000e+02  3.89368816e+00 
 1.79000000e+02  4.34733640e+00 
 1.80000000e+02  4.29219089e+00 
 1.81000000e+02  3.81070473e+00 
 1.82000000e+02  2.84019798e+00 
 1.83000000e+02  3.49443539e+00 
 1.84000000e+02  3.94307792e+00 
 1.85000000e+02  3.78439387e+00 
 1.86000000e+02  4.74448908e+00 
 1.87000000e+02  5.71623758e+00 
 1.88000000e+02  5.71102139e+00 
 1.89000000e+02  4.92310593e+00 
 1.90000000e+02  5.43876769e+00 
 1.91000000e+02  6.61928621e+00 
 1.92000000e+02  7.53617215e+00 
 1.93000000e+02  7.01441910e+00 
 1.94000000e+02  5.15238723e+00 
 1.95000000e+02  4.93433398e+00 
 1.96000000e+02  4.58642664e+00 
 1.97000000e+02  6.11535893e+00 
 1.98000000e+02  8.09361123e+00 
 1.99000000e+02  7.12388638e+00 
 2.00000000e+02  7.89535997e+00 
 2.01000000e+02  7.36407378e+00 
 2.02000000e+02  6.34520855e+00 
 2.03000000e+02  8.59006832e+00 
 2.04000000e+02  1.15454570e+01 
 2.05000000e+02  9.86460547e+00 
 2.06000000e+02  8.17129086e+00 
 2.07000000e+02  9.22529556e+00 
 2.08000000e+02  7.40921685e+00 
 2.09000000e+02  8.07547125e+00 
 2.10000000e+02  8.42832004e+00 
 2.11000000e+02  6.87605099e+00 
 2.12000000e+02  4.77330929e+00 
 2.13000000e+02  5.20569937e+00 
 2.14000000e+02  3.88257761e+00 
 2.15000000e+02  6.01234732e+00 
 2.16000000e+02  4.67339704e+00 
 2.17000000e+02  6.29020126e+00 
 2.18000000e+02  5.42632311e+00 
 2.19000000e+02  3.82474468e+00 
 2.20000000e+02  3.61786793e+00 
 2.21000000e+02  4.57771323e+00 
 2.22000000e+02  4.60862343e+00 
 2.23000000e+02  3.17919663e+00 
 2.24000000e+02  3.53960543e+00 
 2.25000000e+02  4.39306100e+00 
 2.26000000e+02  3.63491312e+00 
 2.27000000e+02  2.71190348e+00 
 2.28000000e+02  2.94669904e+00 
 2.29000000e+02  2.39086311e+00 
 2.30000000e+02  2.86982461e+00 
 2.31000000e+02  2.60995519e+00 
 2.32000000e+02  2.52017716e+00 
 2.33000000e+02  2.70088200e+00 
 2.34000000e+02  5.07502773e+00 
 2.35000000e+02  5.57929922e+00 
 2.36000000e+02  3.98713511e+00 
 2.37000000e+02  3.92554772e+00 
 2.38000000e+02  5.05728991e+00 
 2.39000000e+02  5.22561096e+00 
 2.40000000e+02  4.14381259e+00 
 2.41000000e+02  4.52597222e+00 
 2.42000000e+02  9.20250292e+00 
 2.43000000e+02  6.66429634e+00 
 2.44000000e+02  5.90566757e+00 
 2.45000000e+02  4.72875562e+00 
 2.46000000e+02  5.42801366e+00 
 2.47000000e+02  4.29413778e+00 
 2.48000000e+02  5.12213377e+00 
 2.49000000e+02  4.56503163e+00 
 2.50000000e+02  6.72643154e+00 
 2.51000000e+02  5.39820883e+00 
 2.52000000e+02  7.17751795e+00 
 2.53000000e+02  7.89148185e+00 
 2.54000000e+02  6.88942728e+00 
 2.55000000e+02  4.80044761e+00 
 2.56000000e+02  5.91646526e+00 
 2.57000000e+02  7.81564032e+00 
 2.58000000e+02  1.00474891e+01 
 2.59000000e+02  4.97587303e+00 
 2.60000000e+02  5.64231047e+00 
 2.61000000e+02  5.61244720e+00 
 2.62000000e+02  7.04480814e+00 
 2.63000000e+02  5.49262305e+00 
 2.64000000e+02  1.08771834e+01 
 2.65000000e+02  9.12337142e+00 
 2.66000000e+02  1.10623912e+01 
 2.67000000e+02  8.78952188e+00 
 2.68000000e+02  9.81757064e+00 
 2.69000000e+02  6.62159854e+00 
 2.70000000e+02  6.54257602e+00 
 2.71000000e+02  7.95522120e+00 
 2.72000000e+02  6.62402891e+00 
 2.73000000e+02  7.20640316e+00 
 2.74000000e+02  6.98423690e+00 
 2.75000000e+02  6.21383805e+00 
 2.76000000e+02  3.79974423e+00 
 2.77000000e+02  2.95360663e+00 
 2.78000000e+02  3.78736521e+00 
 2.79000000e+02  6.22599127e+00 
 2.80000000e+02  5.38880939e+00 
 2.81000000e+02  3.90655534e+00 
 2.82000000e+02  5.23686529e+00 
 2.83000000e+02  5.33792249e+00 
 2.84000000e+02  4.60363268e+00 
 2.85000000e+02  4.64039254e+00 
 2.86000000e+02  5.22209572e+00 
 2.87000000e+02  3.95284649e+00 
 2.88000000e+02  3.82633173e+00 
 2.89000000e+02  6.09567355e+00 
 2.90000000e+02  4.79256694e+00 
 2.91000000e+02  4.84177948e+00 
 2.92000000e+02  4.10715743e+00 
 2.93000000e+02  4.12807469e+00 
 2.94000000e+02  3.32622816e+00 
 2.95000000e+02  3.02735519e+00 
 2.96000000e+02  3.54182880e+00 
 2.97000000e+02  4.69630688e+00 
 2.98000000e+02  4.24641683e+00 
 2.99000000e+02  2.91616097e+00 
 3.00000000e+02  3.33326186e+00 
 3.01000000e+02  3.41681266e+00 
 3.02000000e+02  2.79210523e+00 
 3.03000000e+02  4.57298007e+00 
 3.04000000e+02  3.71771190e+00 
 3.05000000e+02  2.38306379e+00 
 3.06000000e+02  3.00813128e+00 
 3.07000000e+02  3.03037482e+00 
 3.08000000e+02  3.01159478e+00 
 3.09000000e+02  2.24686175e+00 
 3.10000000e+02  2.26789820e+00 
 3.11000000e+02  2.10347059e+00 
 3.12000000e+02  2.55149074e+00 
 3.13000000e+02  2.27294222e+00 
 3.14000000e+02  2.10263816e+00 
 3.15000000e+02  2.63876058e+00 
 3.16000000e+02  4.20047535e+00 
 3.17000000e+02  3.16736579e+00 
 3.18000000e+02  5.01139611e+00 
 3.19000000e+02  3.20506154e+00 
 3.20000000e+02  2.50026464e+00 
 3.21000000e+02  4.72472312e+00 
 3.22000000e+02  2.93221362e+00 
 3.23000000e+02  3.49172636e+00 
 3.24000000e+02  3.70727390e+00 
 3.25000000e+02  3.29753286e+00 
 3.26000000e+02  2.71419410e+00 
 3.27000000e+02  3.39017414e+00 
 3.28000000e+02  3.51429358e+00 
 3.29000000e+02  5.27841978e+00 
 3.30000000e+02  4.12980608e+00 
 3.31000000e+02  3.62201881e+00 
 3.32000000e+02  4.23177965e+00 
 3.33000000e+02  3.22244503e+00 
 3.34000000e+02  3.61835751e+00 
 3.35000000e+02  2.74599144e+00 
 3.36000000e+02  2.51895805e+00 
 3.37000000e+02  3.22320131e+00 
 3.38000000e+02  3.32960156e+00 
 3.39000000e+02  3.11058218e+00 
 3.40000000e+02  2.97753496e+00 
 3.41000000e+02  2.48142839e+00 
 3.42000000e+02  2.63217805e+00 
 3.43000000e+02  1.48723384e+00 
 3.44000000e+02  1.84543000e+00 
 3.45000000e+02  1.45340057e+00 
 3.46000000e+02  2.61321878e+00 
 3.47000000e+02  2.29982043e+00 
 3.48000000e+02  2.85759055e+00 
 3.49000000e+02  3.28900386e+00 
 3.50000000e+02  3.78827922e+00 
 3.51000000e+02  3.17799889e+00 
 3.52000000e+02  3.32260337e+00 
 3.53000000e+02  3.44853779e+00 
 3.54000000e+02  3.31661471e+00 
 3.55000000e+02  3.75489351e+00 
 3.56000000e+02  3.96953136e+00 
 3.57000000e+02  3.37253950e+00 
 3.58000000e+02  4.71505767e+00 
 3.59000000e+02  2.86286503e+00 
 3.60000000e+02  1.99139808e+00 
 3.61000000e+02  2.03978974e+00 
 3.62000000e+02  2.13579637e+00 
 3.63000000e+02  1.63145622e+00 
 3.64000000e+02  1.98814924e+00 
 3.65000000e+02  1.97434485e+00 
 3.66000000e+02  1.83787269e+00 
 3.67000000e+02  1.29049401e+00 
 3.68000000e+02  1.84083154e+00 
 3.69000000e+02  2.01415794e+00 
 3.70000000e+02  3.45831798e+00 
 3.71000000e+02  2.17304342e+00 
 3.72000000e+02  3.05747455e+00 
 3.73000000e+02  3.11230100e+00 
 3.74000000e+02  3.26262047e+00 
 3.75000000e+02  2.98583798e+00 
 3.76000000e+02  4.95639299e+00 
 3.77000000e+02  3.32089059e+00 
 3.78000000e+02  2.96036688e+00 
 3.79000000e+02  3.23793402e+00 
 3.80000000e+02  3.14918986e+00 
 3.81000000e+02  3.61736471e+00 
 3.82000000e+02  2.42086161e+00 
 3.83000000e+02  2.24410105e+00 
 3.84000000e+02  1.85601571e+00 
 3.85000000e+02  1.62373660e+00 
 3.86000000e+02  1.23029485e+00 
 3.87000000e+02  9.08566284e-01 
 3.88000000e+02  1.07990700e+00 
 3.89000000e+02  1.05216657e+00 
 3.90000000e+02  1.25952443e+00 
 3.91000000e+02  2.38607521e+00 
 3.92000000e+02  2.77152625e+00 
 3.93000000e+02  3.03534561e+00 
 3.94000000e+02  2.51927549e+00 
 3.95000000e+02  2.52583071e+00 
 3.96000000e+02  2.19137660e+00 
 3.97000000e+02  1.66588757e+00 
 3.98000000e+02  1.68428387e+00 
 3.99000000e+02  1.94267102e+00 
 4.00000000e+02  1.86515916e+00 
 4.01000000e+02  1.43297166e+00 
 4.02000000e+02  1.36757561e+00 
 4.03000000e+02  1.31584110e+00 
 4.04000000e+02  1.13388428e+00 
 4.05000000e+02  1.60770854e+00 
 4.06000000e+02  1.07659286e+00 
 4.07000000e+02  1.22611912e+00 
 4.08000000e+02  1.12720927e+00 
 4.09000000e+02  1.43025381e+00 
 4.10000000e+02  1.73345890e+00 
 4.11000000e+02  1.94475774e+00 
 4.12000000e+02  2.72175402e+00 
 4.13000000e+02  1.99866547e+00 
 4.14000000e+02  1.81258518e+00 
 4.15000000e+02  1.24228113e+00 
 4.16000000e+02  1.38122121e+00 
 4.17000000e+02  1.14200513e+00 
 4.18000000e+02  1.54393614e+00 
 4.19000000e+02  1.79090066e+00 
 4.20000000e+02  1.47783858e+00 
 4.21000000e+02  7.80286133e-01 
 4.22000000e+02  1.16685939e+00 
 4.23000000e+02  1.06812789e+00 
 4.24000000e+02  1.16368909e+00 
 4.25000000e+02  1.22749948e+00 
 4.26000000e+02  1.33233866e+00 
 4.27000000e+02  1.51614155e+00 
 4.28000000e+02  2.33930079e+00 
 4.29000000e+02  1.80591321e+00 
 4.30000000e+02  2.18807896e+00 
 4.31000000e+02  2.70080662e+00 
 4.32000000e+02  2.84845415e+00 
 4.33000000e+02  2.96238965e+00 
 4.34000000e+02  4.07449538e+00 
 4.35000000e+02  3.49881236e+00 
 4.36000000e+02  3.42165594e+00 
 4.37000000e+02  3.25643035e+00 
 4.38000000e+02  2.78768914e+00 
 4.39000000e+02  3.19487798e+00 
 4.40000000e+02  2.22645444e+00 
 4.41000000e+02  2.30003083e+00 
 4.42000000e+02  1.89373610e+00 
 4.43000000e+02  1.42757572e+00 
 4.44000000e+02  1.32210177e+00 
 4.45000000e+02  1.67079472e+00 
 4.46000000e+02  1.55438004e+00 
 4.47000000e+02  1.74907450e+00 
 4.48000000e+02  2.42746366e+00 
 4.49000000e+02  2.02865199e+00 
 4.50000000e+02  1.62948347e+00 
 4.51000000e+02  3.10826445e+00 
 4.52000000e+02  3.59482180e+00 
 4.53000000e+02  2.08403488e+00 
 4.54000000e+02  2.99350523e+00 
 4.55000000e+02  2.28492493e+00 
 4.56000000e+02  1.56602693e+00 
 4.57000000e+02  1.69446014e+00 
 4.58000000e+02  1.25210903e+00 
 4.59000000e+02  1.82204969e+00 
 4.60000000e+02  1.74804410e+00 
 4.61000000e+02  1.54345644e+00 
 4.62000000e+02  1.66953113e+00 
 4.63000000e+02  1.42904839e+00 
 4.64000000e+02  1.50815085e+00 
 4.65000000e+02  1.41925555e+00 
 4.66000000e+02  1.77445148e+00 
 4.67000000e+02  2.43280749e+00 
 4.68000000e+02  2.84001185e+00 
 4.69000000e+02  1.89745287e+00 
 4.70000000e+02  1.45408846e+00 
 4.71000000e+02  1.48519564e+00 
 4.72000000e+02  1.35760184e+00 
 4.73000000e+02  1.16914073e+00 
 4.74000000e+02  1.26707729e+00 
 4.75000000e+02  9.44366695e-01 
 4.76000000e+02  8.97600725e-01 
 4.77000000e+02  1.47635598e+00 
 4.78000000e+02  1.52759273e+00 
 4.79000000e+02  1.39976086e+00 
 4.80000000e+02  1.31798143e+00 
 4.81000000e+02  1.42510609e+00 
 4.82000000e+02  1.84722725e+00 
 4.83000000e+02  1.97680156e+00 
 4.84000000e+02  2.09231549e+00 
 4.85000000e+02  2.15019498e+00 
 4.86000000e+02  2.51296413e+00 
 4.87000000e+02  1.80178511e+00 
 4.88000000e+02  1.66637136e+00 
 4.89000000e+02  2.01273517e+00 
 4.90000000e+02  1.77023235e+00 
 4.91000000e+02  1.96683731e+00 
 4.92000000e+02  2.33850466e+00 
 4.93000000e+02  4.15197267e+00 
 4.94000000e+02  3.00412884e+00 
 4.95000000e+02  3.68029916e+00 
 4.96000000e+02  3.47782869e+00 
 4.97000000e+02  2.74264659e+00 
 4.98000000e+02  2.45190825e+00 
 4.99000000e+02  2.80756956e+00 
 5.00000000e+02  2.09256490e+00 
 5.01000000e+02  3.04446848e+00 
 5.02000000e+02  4.31823779e+00 
 5.03000000e+02  4.48874558e+00 
 5.04000000e+02  4.85150188e+00 
 5.05000000e+02  3.34883347e+00 
 5.06000000e+02  4.91565749e+00 
 5.07000000e+02  5.34294981e+00 
 5.08000000e+02  5.25127758e+00 
 5.09000000e+02  3.69269095e+00 
 5.10000000e+02  4.20814594e+00 
 5.11000000e+02  4.85434090e+00 
 5.12000000e+02  4.56554627e+00 
 5.13000000e+02  4.00189509e+00 
 5.14000000e+02  3.62587170e+00 
 5.15000000e+02  4.06770563e+00 
 5.16000000e+02  4.31975160e+00 
 5.17000000e+02  3.36753480e+00 
 5.18000000e+02  4.18324593e+00 
 5.19000000e+02  5.10209483e+00 
 5.20000000e+02  4.53122806e+00 
 5.21000000e+02  3.40128876e+00 
 5.22000000e+02  2.72607474e+00 
 5.23000000e+02  2.10777367e+00 
 5.24000000e+02  2.08965255e+00 
 5.25000000e+02  2.39334739e+00 
 5.26000000e+02  3.05672850e+00 
 5.27000000e+02  4.78507666e+00 
 5.28000000e+02  2.86495954e+00 
 5.29000000e+02  3.87205191e+00 
 5.30000000e+02  4.38160262e+00 
 5.31000000e+02  3.84806871e+00 
 5.32000000e+02  4.62008711e+00 
 5.33000000e+02  4.06238505e+00 
 5.34000000e+02  4.25198280e+00 
 5.35000000e+02  5.72440719e+00 
 5.36000000e+02  3.40178628e+00 
 5.37000000e+02  4.17367183e+00 
 5.38000000e+02  3.31856043e+00 
 5.39000000e+02  2.57605123e+00 
 5.40000000e+02  2.93484126e+00 
 5.41000000e+02  4.00676163e+00 
 5.42000000e+02  3.35760253e+00 
 5.43000000e+02  2.83915520e+00 
 5.44000000e+02  2.64268267e+00 
 5.45000000e+02  3.28185212e+00 
 5.46000000e+02  3.65443978e+00 
 5.47000000e+02  3.81592219e+00 
 5.48000000e+02  6.63669345e+00 
 5.49000000e+02  5.64590874e+00 
 5.50000000e+02  7.56765453e+00 
 5.51000000e+02  6.20451770e+00 
 5.52000000e+02  9.62448493e+00 
 5.53000000e+02  8.53775369e+00 
 5.54000000e+02  6.16527023e+00 
 5.55000000e+02  4.77786305e+00 
 5.56000000e+02  4.73987142e+00 
 5.57000000e+02  4.99916845e+00 
 5.58000000e+02  5.61418627e+00 
 5.59000000e+02  6.17238841e+00 
 5.60000000e+02  4.29062628e+00 
 5.61000000e+02  5.04827695e+00 
 5.62000000e+02  5.42048601e+00 
 5.63000000e+02  4.67472839e+00 
 5.64000000e+02  3.14600041e+00 
 5.65000000e+02  3.24992209e+00 
 5.66000000e+02  2.66653706e+00 
 5.67000000e+02  3.25418763e+00 
 5.68000000e+02  2.31807570e+00 
 5.69000000e+02  2.43104545e+00 
 5.70000000e+02  2.27777084e+00 
 5.71000000e+02  3.59619423e+00 
 5.72000000e+02  4.73687657e+00 
 5.73000000e+02  4.49510693e+00 
 5.74000000e+02  5.35575909e+00 
 5.75000000e+02  4.28220233e+00 
 5.76000000e+02  4.09624547e+00 
 5.77000000e+02  3.72221957e+00 
 5.78000000e+02  4.55478310e+00 
 5.79000000e+02  2.95758112e+00 
 5.80000000e+02  2.65706227e+00 
 5.81000000e+02  2.89823627e+00 
 5.82000000e+02  1.78817346e+00 
 5.83000000e+02  3.25180433e+00 
 5.84000000e+02  3.45463030e+00 
 5.85000000e+02  3.41052180e+00 
 5.86000000e+02  3.21967590e+00 
 5.87000000e+02  4.17606500e+00 
 5.88000000e+02  3.06277319e+00 
 5.89000000e+02  4.69219437e+00 
 5.90000000e+02  4.79558990e+00 
 5.91000000e+02  4.04674545e+00 
 5.92000000e+02  4.33550802e+00 
 5.93000000e+02  3.60528927e+00 
 5.94000000e+02  3.47090272e+00 
 5.95000000e+02  2.87494251e+00 
 5.96000000e+02  3.05250400e+00 
 5.97000000e+02  3.04241014e+00 
 5.98000000e+02  4.28873757e+00 
 5.99000000e+02  3.85956889e+00 
 6.00000000e+02  4.29338081e+00 
 6.01000000e+02  6.82577336e+00 
 6.02000000e+02  4.99869032e+00 
 6.03000000e+02  5.46766859e+00 
 6.04000000e+02  5.26421599e+00 
 6.05000000e+02  5.30864981e+00 
 6.06000000e+02  4.60999630e+00 
 6.07000000e+02  8.69870473e+00 
 6.08000000e+02  7.37271998e+00 
 6.09000000e+02  5.35370044e+00 
 6.10000000e+02  7.59752117e+00 
 6.11000000e+02  7.19279084e+00 
 6.12000000e+02  7.94786686e+00 
 6.13000000e+02  1.12757118e+01 
 6.14000000e+02  7.16511953e+00 
 6.15000000e+02  4.69663280e+00 
 6.16000000e+02  5.34664267e+00 
 6.17000000e+02  5.47529409e+00 
 6.18000000e+02  6.59365855e+00 
 6.19000000e+02  9.41161973e+00 
 6.20000000e+02  8.65722735e+00 
 6.21000000e+02  8.96360132e+00 
 6.22000000e+02  8.19585463e+00 
 6.23000000e+02  1.09350627e+01 
 6.24000000e+02  6.23885928e+00 
 6.25000000e+02  1.03552622e+01 
 6.26000000e+02  5.87050119e+00 
 6.27000000e+02  5.98507141e+00 
 6.28000000e+02  5.18956823e+00 
 6.29000000e+02  4.93910307e+00 
 6.30000000e+02  5.72839574e+00 
 6.31000000e+02  5.49505753e+00 
 6.32000000e+02  5.80639961e+00 
 6.33000000e+02  5.34912003e+00 
 6.34000000e+02  8.06045431e+00 
 6.35000000e+02  7.30418890e+00 
 6.36000000e+02  8.57147893e+00 
 6.37000000e+02  4.87384043e+00 
 6.38000000e+02  3.58832201e+00 
 6.39000000e+02  2.80944336e+00 
 6.40000000e+02  2.48055490e+00 
 6.41000000e+02  3.04564676e+00 
 6.42000000e+02  4.53395458e+00 
 6.43000000e+02  5.06260052e+00 
 6.44000000e+02  4.08512699e+00 
 6.45000000e+02  4.32602284e+00 
 6.46000000e+02  3.79783359e+00 
 6.47000000e+02  3.14446146e+00 
 6.48000000e+02  2.23486695e+00 
 6.49000000e+02  1.71049997e+00 
 6.50000000e+02  2.51723082e+00 
 6.51000000e+02  2.70161363e+00 
 6.52000000e+02  2.81064071e+00 
 6.53000000e+02  3.49612902e+00 
 6.54000000e+02  4.95770974e+00 
 6.55000000e+02  3.17658327e+00 
 6.56000000e+02  4.28082082e+00 
 6.57000000e+02  3.30000625e+00 
 6.58000000e+02  3.46354236e+00 
 6.59000000e+02  3.64373739e+00 
 6.60000000e+02  2.87490177e+00 
 6.61000000e+02  3.21877113e+00 
 6.62000000e+02  3.07881876e+00 
 6.63000000e+02  2.53755092e+00 
 6.64000000e+02  2.85348887e+00 
 6.65000000e+02  2.39697603e+00 
 6.66000000e+02  3.05680760e+00 
 6.67000000e+02  2.87431775e+00 
 6.68000000e+02  3.22572697e+00 
 6.69000000e+02  3.14754289e+00 
 6.70000000e+02  2.47795296e+00 
 6.71000000e+02  2.01123824e+00 
 6.72000000e+02  2.70787892e+00 
 6.73000000e+02  2.47863397e+00 
 6.74000000e+02  3.10917732e+00 
 6.75000000e+02  3.32091029e+00 
 6.76000000e+02  2.95531325e+00 
 6.77000000e+02  2.87259704e+00 
 6.78000000e+02  4.30556104e+00 
 6.79000000e+02  1.90977987e+00 
 6.80000000e+02  1.61041331e+00 
 6.81000000e+02  1.28401405e+00 
 6.82000000e+02  1.83954887e+00 
 6.83000000e+02  1.60865842e+00 
 6.84000000e+02  1.07195027e+00 
 6.85000000e+02  9.45341248e-01 
 6.86000000e+02  8.35770572e-01 
 6.87000000e+02  1.35963225e+00 
 6.88000000e+02  1.34019692e+00 
 6.89000000e+02  1.71296960e+00 
 6.90000000e+02  1.34150997e+00 
 6.91000000e+02  9.76686727e-01 
 6.92000000e+02  9.23093523e-01 
 6.93000000e+02  1.14108320e+00 
 6.94000000e+02  1.50927479e+00 
 6.95000000e+02  1.70867412e+00 
 6.96000000e+02  1.52498534e+00 
 6.97000000e+02  1.24649556e+00 
 6.98000000e+02  2.19689611e+00 
 6.99000000e+02  1.48810945e+00 
 7.00000000e+02  1.36215582e+00 
 7.01000000e+02  1.53021987e+00 
 7.02000000e+02  1.84143208e+00 
 7.03000000e+02  1.36297725e+00 
 7.04000000e+02  2.19829792e+00 
 7.05000000e+02  1.16321844e+00 
 7.06000000e+02  8.07436064e-01 
 7.07000000e+02  8.15011353e-01 
 7.08000000e+02  5.37322135e-01 
 7.09000000e+02  6.76443370e-01 
 7.10000000e+02  5.05012976e-01 
 7.11000000e+02  6.03775206e-01 
 7.12000000e+02  4.97651893e-01 
 7.13000000e+02  5.47868605e-01 
 7.14000000e+02  4.27854802e-01 
 7.15000000e+02  3.32821038e-01 
 7.16000000e+02  4.83529642e-01 
 7.17000000e+02  4.11433237e-01 
 7.18000000e+02  6.32277605e-01 
 7.19000000e+02  4.26346639e-01 
 7.20000000e+02  4.14890398e-01 
 7.21000000e+02  6.05873607e-01 
 7.22000000e+02  7.51794033e-01 
 7.23000000e+02  8.40183556e-01 
 7.24000000e+02  7.28556310e-01 
 7.25000000e+02  6.19018218e-01 
 7.26000000e+02  7.37971479e-01 
 7.27000000e+02  7.28215006e-01 
 7.28000000e+02  5.33444680e-01 
 7.29000000e+02  8.28637877e-01 
 7.30000000e+02  6.66590228e-01 
 7.31000000e+02  6.74869409e-01 
 7.32000000e+02  7.72686050e-01 
 7.33000000e+02  6.88086487e-01 
 7.34000000e+02  5.06840219e-01 
 7.35000000e+02  5.28201654e-01 
 7.36000000e+02  5.65503113e-01 
 7.37000000e+02  6.27892045e-01 
 7.38000000e+02  7.11860184e-01 
 7.39000000e+02  6.34348785e-01 
 7.40000000e+02  5.91598961e-01 
 7.41000000e+02  7.40688743e-01 
 7.42000000e+02  6.48414983e-01 
 7.43000000e+02  1.25492475e+00 
 7.44000000e+02  9.05473818e-01 
 7.45000000e+02  1.19583657e+00 
 7.46000000e+02  1.19101965e+00 
 7.47000000e+02  1.00891192e+00 
 7.48000000e+02  9.85744437e-01 
 7.49000000e+02  9.38751590e-01 
 7.50000000e+02  1.28241564e+00 
 7.51000000e+02  1.19240157e+00 
 7.52000000e+02  1.08589734e+00 
 7.53000000e+02  1.08554299e+00 
 7.54000000e+02  9.07928725e-01 
 7.55000000e+02  9.64378648e-01 
 7.56000000e+02  8.52264251e-01 
 7.57000000e+02  9.18973567e-01 
 7.58000000e+02  1.09143537e+00 
 7.59000000e+02  9.98537317e-01 
 7.60000000e+02  5.76094141e-01 
 7.61000000e+02  6.28933002e-01 
 7.62000000e+02  5.30041410e-01 
 7.63000000e+02  8.21009036e-01 
 7.64000000e+02  8.38072389e-01 
 7.65000000e+02  9.67973221e-01 
 7.66000000e+02  6.30010179e-01 
 7.67000000e+02  8.86801007e-01 
 7.68000000e+02  1.24442549e+00 
 7.69000000e+02  1.06185794e+00 
 7.70000000e+02  1.61489209e+00 
 7.71000000e+02  1.17642684e+00 
 7.72000000e+02  1.25240399e+00 
 7.73000000e+02  1.40685877e+00 
 7.74000000e+02  1.78374176e+00 
 7.75000000e+02  2.11129791e+00 
 7.76000000e+02  1.49983137e+00 
 7.77000000e+02  1.80598904e+00 
 7.78000000e+02  1.84025749e+00 
 7.79000000e+02  1.40622722e+00 
 7.80000000e+02  1.96097121e+00 
 7.81000000e+02  2.43304265e+00 
 7.82000000e+02  1.71008399e+00 
 7.83000000e+02  1.56992503e+00 
 7.84000000e+02  2.07393559e+00 
 7.85000000e+02  1.94449376e+00 
 7.86000000e+02  2.18067868e+00 
 7.87000000e+02  1.72771879e+00 
 7.88000000e+02  1.80080599e+00 
 7.89000000e+02  1.74876031e+00 
 7.90000000e+02  2.02265951e+00 
 7.91000000e+02  1.59343805e+00 
 7.92000000e+02  1.17136786e+00 
 7.93000000e+02  1.04205594e+00 
 7.94000000e+02  1.19448690e+00 
 7.95000000e+02  1.65133231e+00 
 7.96000000e+02  2.83218206e+00 
 7.97000000e+02  1.91998440e+00 
 7.98000000e+02  2.15068993e+00 
 7.99000000e+02  1.71501287e+00 
 8.00000000e+02  1.33718106e+00 
 8.01000000e+02  1.56312420e+00 
 8.02000000e+02  1.73180751e+00 
 8.03000000e+02  1.51334472e+00 
 8.04000000e+02  1.51657182e+00 
 8.05000000e+02  1.36386319e+00 
 8.06000000e+02  1.27841637e+00 
 8.07000000e+02  1.47584142e+00 
 8.08000000e+02  1.14304639e+00 
 8.09000000e+02  1.17087144e+00 
 8.10000000e+02  9.18516128e-01 
 8.11000000e+02  9.39451114e-01 
 8.12000000e+02  1.03680788e+00 
 8.13000000e+02  1.12774601e+00 
 8.14000000e+02  1.05045649e+00 
 8.15000000e+02  1.33912381e+00 
 8.16000000e+02  1.00884491e+00 
 8.17000000e+02  1.05046910e+00 
 8.18000000e+02  1.21335852e+00 
 8.19000000e+02  1.00586256e+00 
 8.20000000e+02  9.83948258e-01 
 8.21000000e+02  1.28396213e+00 
 8.22000000e+02  1.03935082e+00 
 8.23000000e+02  1.12769412e+00 
 8.24000000e+02  1.49016067e+00 
 8.25000000e+02  1.38560201e+00 
 8.26000000e+02  2.04012774e+00 
 8.27000000e+02  1.40779650e+00 
 8.28000000e+02  1.26493028e+00 
 8.29000000e+02  9.50686431e-01 
 8.30000000e+02  8.34817113e-01 
 8.31000000e+02  1.28601856e+00 
 8.32000000e+02  1.86871949e+00 
 8.33000000e+02  1.57734806e+00 
 8.34000000e+02  1.43560363e+00 
 8.35000000e+02  1.37842997e+00 
 8.36000000e+02  1.79267473e+00 
 8.37000000e+02  1.60556804e+00 
 8.38000000e+02  1.30595639e+00 
 8.39000000e+02  2.11174665e+00 
 8.40000000e+02  3.67493085e+00 
 8.41000000e+02  2.08542004e+00 
 8.42000000e+02  2.99374345e+00 
 8.43000000e+02  3.04549004e+00 
 8.44000000e+02  3.84319534e+00 
 8.45000000e+02  2.68805455e+00 
 8.46000000e+02  2.91393400e+00 
 8.47000000e+02  2.35722587e+00 
 8.48000000e+02  2.14472110e+00 
 8.49000000e+02  1.86579766e+00 
 8.50000000e+02  2.34969105e+00 
 8.51000000e+02  1.45382551e+00 
 8.52000000e+02  2.71624976e+00 
 8.53000000e+02  3.78421525e+00 
 8.54000000e+02  3.87887987e+00 
 8.55000000e+02  3.26108508e+00 
 8.56000000e+02  3.68314261e+00 
 8.57000000e+02  3.01824237e+00 
 8.58000000e+02  2.69742109e+00 
 8.59000000e+02  1.60739978e+00 
 8.60000000e+02  2.10390732e+00 
 8.61000000e+02  2.16851772e+00 
 8.62000000e+02  2.20175025e+00 
 8.63000000e+02  2.16925123e+00 
 8.64000000e+02  2.68582822e+00 
 8.65000000e+02  1.73831750e+00 
 8.66000000e+02  9.12912388e-01 
 8.67000000e+02  9.93779537e-01 
 8.68000000e+02  1.04915043e+00 
 8.69000000e+02  1.75639590e+00 
 8.70000000e+02  1.77805900e+00 
 8.71000000e+02  2.09075598e+00 
 8.72000000e+02  1.80320857e+00 
 8.73000000e+02  2.83063049e+00 
 8.74000000e+02  2.57757213e+00 
 8.75000000e+02  2.19653160e+00 
 8.76000000e+02  1.87824953e+00 
 8.77000000e+02  3.13490156e+00 
 8.78000000e+02  3.08148913e+00 
 8.79000000e+02  3.06828056e+00 
 8.80000000e+02  3.00234139e+00 
 8.81000000e+02  2.62145421e+00 
 8.82000000e+02  2.55696524e+00 
 8.83000000e+02  1.78154275e+00 
 8.84000000e+02  2.34439945e+00 
 8.85000000e+02  2.03314505e+00 
 8.86000000e+02  3.02894125e+00 
 8.87000000e+02  1.79621145e+00 
 8.88000000e+02  1.73411260e+00 
 8.89000000e+02  1.45869562e+00 
 8.90000000e+02  1.85230978e+00 
 8.91000000e+02  2.17046540e+00 
 8.92000000e+02  1.66364081e+00 
 8.93000000e+02  1.53959658e+00 
 8.94000000e+02  1.59580691e+00 
 8.95000000e+02  1.15175385e+00 
 8.96000000e+02  1.11786706e+00 
 8.97000000e+02  5.84313123e-01 
 8.98000000e+02  5.84185974e-01 
 8.99000000e+02  8.97146370e-01 
 9.00000000e+02  6.77583009e-01 
 9.01000000e+02  6.71447189e-01 
 9.02000000e+02  1.54108475e+00 
 9.03000000e+02  1.18263697e+00 
 9.04000000e+02  1.00527872e+00 
 9.05000000e+02  9.68874076e-01 
 9.06000000e+02  1.09636869e+00 
 9.07000000e+02  1.64366795e+00 
 9.08000000e+02  1.21302198e+00 
 9.09000000e+02  7.81802909e-01 
 9.10000000e+02  7.11239510e-01 
 9.11000000e+02  1.14977100e+00 
 9.12000000e+02  1.11974278e+00 
 9.13000000e+02  1.43684296e+00 
 9.14000000e+02  2.32792415e+00 
 9.15000000e+02  1.13387034e+00 
 9.16000000e+02  1.46167273e+00 
 9.17000000e+02  1.46746908e+00 
 9.18000000e+02  2.08921544e+00 
 9.19000000e+02  1.40582807e+00 
 9.20000000e+02  1.11992191e+00 
 9.21000000e+02  1.13358109e+00 
 9.22000000e+02  1.81120502e+00 
 9.23000000e+02  2.06609824e+00 
 9.24000000e+02  1.61285735e+00 
 9.25000000e+02  1.75671383e+00 
 9.26000000e+02  1.65160520e+00 
 9.27000000e+02  1.49891615e+00 
 9.28000000e+02  1.72049236e+00 
 9.29000000e+02  1.42444060e+00 
 9.30000000e+02  1.49053368e+00 
 9.31000000e+02  1.23235031e+00 
 9.32000000e+02  1.63263384e+00 
 9.33000000e+02  1.40639657e+00 
 9.34000000e+02  1.25681690e+00 
 9.35000000e+02  8.93167031e-01 
 9.36000000e+02  1.43112450e+00 
 9.37000000e+02  1.87269485e+00 
 9.38000000e+02  1.73346790e+00 
 9.39000000e+02  1.33342091e+00 
 9.40000000e+02  1.34508487e+00 
 9.41000000e+02  1.05868372e+00 
 9.42000000e+02  1.47326384e+00 
 9.43000000e+02  1.50920194e+00 
 9.44000000e+02  1.83649960e+00 
 9.45000000e+02  1.36004530e+00 
 9.46000000e+02  2.10098285e+00 
 9.47000000e+02  2.32472454e+00 
 9.48000000e+02  2.61742381e+00 
 9.49000000e+02  1.49173705e+00 
 9.50000000e+02  1.84727679e+00 
 9.51000000e+02  1.91334998e+00 
 9.52000000e+02  2.43743483e+00 
 9.53000000e+02  2.08060591e+00 
 9.54000000e+02  2.13648039e+00 
 9.55000000e+02  1.49612054e+00 
 9.56000000e+02  1.62340474e+00 
 9.57000000e+02  2.42599874e+00 
 9.58000000e+02  1.81559338e+00 
 9.59000000e+02  1.60567740e+00 
 9.60000000e+02  1.22253260e+00 
 9.61000000e+02  1.46658455e+00 
 9.62000000e+02  1.04387832e+00 
 9.63000000e+02  9.71734690e-01 
 9.64000000e+02  1.33455792e+00 
 9.65000000e+02  1.41984926e+00 
 9.66000000e+02  1.43155841e+00 
 9.67000000e+02  2.77323486e+00 
 9.68000000e+02  1.95416329e+00 
 9.69000000e+02  1.83990238e+00 
 9.70000000e+02  2.44810474e+00 
 9.71000000e+02  2.67535004e+00 
 9.72000000e+02  1.81217316e+00 
 9.73000000e+02  1.36620746e+00 
 9.74000000e+02  1.01696729e+00 
 9.75000000e+02  1.51068335e+00 
 9.76000000e+02  9.71090970e-01 
 9.77000000e+02  9.04411893e-01 
 9.78000000e+02  6.51933008e-01 
 9.79000000e+02  8.14219391e-01 
 9.80000000e+02  9.17490371e-01 
 9.81000000e+02  9.91752101e-01 
 9.82000000e+02  9.84033485e-01 
 9.83000000e+02  1.51184174e+00 
 9.84000000e+02  1.27436980e+00 
 9.85000000e+02  1.13556974e+00 
 9.86000000e+02  6.99725207e-01 
 9.87000000e+02  8.14714518e-01 
 9.88000000e+02  9.51165066e-01 
 9.89000000e+02  8.94323730e-01 
 9.90000000e+02  8.93382755e-01 
 9.91000000e+02  1.60076804e+00 
 9.92000000e+02  7.45378560e-01 
 9.93000000e+02  7.16819332e-01 
 9.94000000e+02  6.29189834e-01 
 9.95000000e+02  7.94204936e-01 
 9.96000000e+02  9.89345040e-01 
 9.97000000e+02  9.21407038e-01 
 9.98000000e+02  9.75050854e-01 
 9.99000000e+02  1.07537148e+00 
 1.00000000e+03  8.05028782e-01 
 1.00100000e+03  1.04286977e+00 
 1.00200000e+03  8.41999906e-01 
 1.00300000e+03  7.59976971e-01 
 1.00400000e+03  6.78803746e-01 
 1.00500000e+03  7.54051962e-01 
 1.00600000e+03  1.00706594e+00 
 1.00700000e+03  1.02435708e+00 
 1.00800000e+03  1.11927357e+00 
 1.00900000e+03  1.02415043e+00 
 1.01000000e+03  1.01241779e+00 
 1.01100000e+03  7.88079415e-01 
 1.01200000e+03  7.99816889e-01 
 1.01300000e+03  1.10383315e+00 
 1.01400000e+03  1.03254175e+00 
 1.01500000e+03  9.79248276e-01 
 1.01600000e+03  1.43460979e+00 
 1.01700000e+03  1.52372107e+00 
 1.01800000e+03  1.50278144e+00 
 1.01900000e+03  1.09757876e+00 
 1.02000000e+03  1.79790588e+00 
 1.02100000e+03  1.40021538e+00 
 1.02200000e+03  1.79431680e+00 
 1.02300000e+03  1.38652320e+00 
 1.02400000e+03  1.66974078e+00 
 1.02500000e+03  1.54059859e+00 
 1.02600000e+03  2.01955216e+00 
 1.02700000e+03  1.91388010e+00 
 1.02800000e+03  1.68425904e+00 
 1.02900000e+03  1.63379853e+00 
 1.03000000e+03  1.58354656e+00 
 1.03100000e+03  1.47046592e+00 
 1.03200000e+03  1.55061156e+00 
 1.03300000e+03  2.02616936e+00 
 1.03400000e+03  2.88014821e+00 
 1.03500000e+03  1.28473032e+00 
 1.03600000e+03  1.37260506e+00 
 1.03700000e+03  1.45440668e+00 
 1.03800000e+03  1.36839284e+00 
 1.03900000e+03  1.94042642e+00 
 1.04000000e+03  1.17640974e+00 
 1.04100000e+03  1.10354939e+00 
 1.04200000e+03  9.39980844e-01 
 1.04300000e+03  7.99644823e-01 
 1.04400000e+03  7.75863720e-01 
 1.04500000e+03  9.66574180e-01 
 1.04600000e+03  8.53331638e-01 
 1.04700000e+03  8.46142774e-01 
 1.04800000e+03  5.71710401e-01 
 1.04900000e+03  1.12504408e+00 
 1.05000000e+03  1.37592484e+00 
 1.05100000e+03  1.50858382e+00 
 1.05200000e+03  1.54020108e+00 
 1.05300000e+03  1.90696058e+00 
 1.05400000e+03  1.92612898e+00 
 1.05500000e+03  1.76374794e+00 
 1.05600000e+03  2.24823740e+00 
 1.05700000e+03  1.75219828e+00 
 1.05800000e+03  1.99983240e+00 
 1.05900000e+03  2.01225853e+00 
 1.06000000e+03  2.07785643e+00 
 1.06100000e+03  2.03626401e+00 
 1.06200000e+03  2.32336156e+00 
 1.06300000e+03  1.95657443e+00 
 1.06400000e+03  1.56078983e+00 
 1.06500000e+03  1.54233027e+00 
 1.06600000e+03  1.11114062e+00 
 1.06700000e+03  1.18555284e+00 
 1.06800000e+03  1.07683562e+00 
 1.06900000e+03  9.64793511e-01 
 1.07000000e+03  8.93884635e-01 
 1.07100000e+03  1.16307551e+00 
 1.07200000e+03  1.12824805e+00 
 1.07300000e+03  1.02653036e+00 
 1.07400000e+03  1.11616776e+00 
 1.07500000e+03  7.73460447e-01 
 1.07600000e+03  1.37833640e+00 
 1.07700000e+03  1.16332640e+00 
 1.07800000e+03  9.90060291e-01 
 1.07900000e+03  7.13244828e-01 
 1.08000000e+03  6.54837641e-01 
 1.08100000e+03  6.19704631e-01 
 1.08200000e+03  7.14163322e-01 
 1.08300000e+03  8.51640164e-01 
 1.08400000e+03  1.23766535e+00 
 1.08500000e+03  8.98437805e-01 
 1.08600000e+03  1.02118557e+00 
 1.08700000e+03  9.86884212e-01 
 1.08800000e+03  8.90641966e-01 
 1.08900000e+03  5.97555990e-01 
 1.09000000e+03  8.83711627e-01 
 1.09100000e+03  9.88174740e-01 
 1.09200000e+03  1.01281973e+00 
 1.09300000e+03  1.36812075e+00 
 1.09400000e+03  1.22834869e+00 
 1.09500000e+03  1.87492808e+00 
 1.09600000e+03  1.39230603e+00 
 1.09700000e+03  9.77581922e-01 
 1.09800000e+03  1.71016170e+00 
 1.09900000e+03  1.86110119e+00 
 1.10000000e+03  1.47967821e+00 
 1.10100000e+03  1.00472463e+00 
 1.10200000e+03  1.07406535e+00 
 1.10300000e+03  1.01431281e+00 
 1.10400000e+03  9.17839062e-01 
 1.10500000e+03  1.13063319e+00 
 1.10600000e+03  1.11785919e+00 
 1.10700000e+03  1.84466041e+00 
 1.10800000e+03  1.55178807e+00 
 1.10900000e+03  1.56296897e+00 
 1.11000000e+03  1.16301366e+00 
 1.11100000e+03  1.46518359e+00 
 1.11200000e+03  9.81969371e-01 
 1.11300000e+03  1.33187217e+00 
 1.11400000e+03  1.90549421e+00 
 1.11500000e+03  2.16817566e+00 
 1.11600000e+03  2.83674820e+00 
 1.11700000e+03  2.09283140e+00 
 1.11800000e+03  2.02384582e+00 
 1.11900000e+03  2.71492045e+00 
 1.12000000e+03  2.06287459e+00 
 1.12100000e+03  2.04508670e+00 
 1.12200000e+03  3.90046946e+00 
 1.12300000e+03  6.68090337e+00 
 1.12400000e+03  7.64007640e+00 
 1.12500000e+03  6.37254215e+00 
 1.12600000e+03  7.26989739e+00 
 1.12700000e+03  7.79583380e+00 
 1.12800000e+03  6.43024648e+00 
 1.12900000e+03  8.40636459e+00 
 1.13000000e+03  8.63109237e+00 
 1.13100000e+03  1.30740883e+01 
 1.13200000e+03  9.54356462e+00 
 1.13300000e+03  6.63346134e+00 
 1.13400000e+03  6.69840993e+00 
 1.13500000e+03  6.35940838e+00 
 1.13600000e+03  5.05846159e+00 
 1.13700000e+03  5.33314830e+00 
 1.13800000e+03  7.53490144e+00 
 1.13900000e+03  4.69169174e+00 
 1.14000000e+03  4.24431997e+00 
 1.14100000e+03  1.91018321e+00 
 1.14200000e+03  2.54910069e+00 
 1.14300000e+03  2.90194066e+00 
 1.14400000e+03  3.60542105e+00 
 1.14500000e+03  3.04945475e+00 
 1.14600000e+03  3.86646506e+00 
 1.14700000e+03  5.53146581e+00 
 1.14800000e+03  3.98800436e+00 
 1.14900000e+03  3.99081799e+00 
 1.15000000e+03  4.90222694e+00 
 1.15100000e+03  7.81995923e+00 
 1.15200000e+03  4.25459594e+00 
 1.15300000e+03  4.07154483e+00 
 1.15400000e+03  5.63564021e+00 
 1.15500000e+03  4.33945211e+00 
 1.15600000e+03  2.44639020e+00 
 1.15700000e+03  3.23180574e+00 
 1.15800000e+03  2.57404077e+00 
 1.15900000e+03  3.46899280e+00 
 1.16000000e+03  2.44820152e+00 
 1.16100000e+03  3.15548372e+00 
 1.16200000e+03  3.12487844e+00 
 1.16300000e+03  2.49730543e+00 
 1.16400000e+03  3.18223786e+00 
 1.16500000e+03  2.01723511e+00 
 1.16600000e+03  2.23944121e+00 
 1.16700000e+03  2.00792977e+00 
 1.16800000e+03  2.24068019e+00 
 1.16900000e+03  2.86825032e+00 
 1.17000000e+03  2.19451299e+00 
 1.17100000e+03  2.52375149e+00 
 1.17200000e+03  2.70752120e+00 
 1.17300000e+03  2.39674154e+00 
 1.17400000e+03  4.20378938e+00 
 1.17500000e+03  4.05713179e+00 
 1.17600000e+03  3.58014074e+00 
 1.17700000e+03  4.10365260e+00 
 1.17800000e+03  3.16200611e+00 
 1.17900000e+03  3.11868662e+00 
 1.18000000e+03  3.23895813e+00 
 1.18100000e+03  3.02820280e+00 
 1.18200000e+03  4.45394146e+00 
 1.18300000e+03  4.44885009e+00 
 1.18400000e+03  4.59695689e+00 
 1.18500000e+03  5.02578463e+00 
 1.18600000e+03  4.37631955e+00 
 1.18700000e+03  4.70968004e+00 
 1.18800000e+03  3.01998968e+00 
 1.18900000e+03  2.90811203e+00 
 1.19000000e+03  2.57979525e+00 
 1.19100000e+03  3.07194496e+00 
 1.19200000e+03  3.14159640e+00 
 1.19300000e+03  3.61309178e+00 
 1.19400000e+03  2.58796786e+00 
 1.19500000e+03  2.22613907e+00 
 1.19600000e+03  2.54823230e+00 
 1.19700000e+03  2.05368242e+00 
 1.19800000e+03  2.09853620e+00 
 1.19900000e+03  2.80475155e+00 
 1.20000000e+03  2.18201791e+00 
 1.20100000e+03  4.18573652e+00 
 1.20200000e+03  2.91174772e+00 
 1.20300000e+03  2.33948809e+00 
 1.20400000e+03  2.79407883e+00 
 1.20500000e+03  2.26121344e+00 
 1.20600000e+03  2.93498877e+00 
 1.20700000e+03  2.59907993e+00 
 1.20800000e+03  2.36541736e+00 
 1.20900000e+03  3.42157839e+00 
 1.21000000e+03  2.38117317e+00 
 1.21100000e+03  2.62447624e+00 
 1.21200000e+03  2.54710135e+00 
 1.21300000e+03  3.04048514e+00 
 1.21400000e+03  2.86887320e+00 
 1.21500000e+03  3.66344669e+00 
 1.21600000e+03  3.18453465e+00 
 1.21700000e+03  1.40164377e+00 
 1.21800000e+03  1.76859034e+00 
 1.21900000e+03  1.94176800e+00 
 1.22000000e+03  1.50589818e+00 
 1.22100000e+03  1.69316585e+00 
 1.22200000e+03  3.02638443e+00 
 1.22300000e+03  4.36338420e+00 
 1.22400000e+03  4.72350421e+00 
 1.22500000e+03  3.37264397e+00 
 1.22600000e+03  4.17269128e+00 
 1.22700000e+03  2.70029318e+00 
 1.22800000e+03  3.07155269e+00 
 1.22900000e+03  3.13973160e+00 
 1.23000000e+03  2.28357076e+00 
 1.23100000e+03  4.61485243e+00 
 1.23200000e+03  4.70298039e+00 
 1.23300000e+03  4.19443182e+00 
 1.23400000e+03  5.57658759e+00 
 1.23500000e+03  4.76052044e+00 
 1.23600000e+03  4.29907482e+00 
 1.23700000e+03  3.04358360e+00 
 1.23800000e+03  2.13190800e+00 
 1.23900000e+03  2.71787988e+00 
 1.24000000e+03  4.00543355e+00 
 1.24100000e+03  2.21289079e+00 
 1.24200000e+03  2.18685953e+00 
 1.24300000e+03  2.45601382e+00 
 1.24400000e+03  2.98917591e+00 
 1.24500000e+03  2.20839885e+00 
 1.24600000e+03  2.58286554e+00 
 1.24700000e+03  2.45387165e+00 
 1.24800000e+03  2.67867800e+00 
 1.24900000e+03  1.92733070e+00 
 1.25000000e+03  1.88430090e+00 
 1.25100000e+03  2.96635229e+00 
 1.25200000e+03  3.44658873e+00 
 1.25300000e+03  3.82527153e+00 
 1.25400000e+03  4.74184166e+00 
 1.25500000e+03  4.34614802e+00 
 1.25600000e+03  2.84677915e+00 
 1.25700000e+03  2.22796115e+00 
 1.25800000e+03  2.59785222e+00 
 1.25900000e+03  3.06760585e+00 
 1.26000000e+03  2.17906369e+00 
 1.26100000e+03  2.16256733e+00 
 1.26200000e+03  2.23095935e+00 
 1.26300000e+03  2.76162043e+00 
 1.26400000e+03  2.63014550e+00 
 1.26500000e+03  3.47578790e+00 
 1.26600000e+03  2.55458233e+00 
 1.26700000e+03  2.96520623e+00 
 1.26800000e+03  2.81802601e+00 
 1.26900000e+03  3.82577759e+00 
 1.27000000e+03  3.65677678e+00 
 1.27100000e+03  2.98229573e+00 
 1.27200000e+03  4.06357783e+00 
 1.27300000e+03  4.47257135e+00 
 1.27400000e+03  4.19833580e+00 
 1.27500000e+03  4.42024707e+00 
 1.27600000e+03  3.13746775e+00 
 1.27700000e+03  4.35119752e+00 
 1.27800000e+03  4.22208078e+00 
 1.27900000e+03  2.57364000e+00 
 1.28000000e+03  2.32460604e+00 
 1.28100000e+03  2.20651365e+00 
 1.28200000e+03  2.07935026e+00 
 1.28300000e+03  3.30929535e+00 
 1.28400000e+03  3.52862334e+00 
 1.28500000e+03  5.36416726e+00 
 1.28600000e+03  4.49235435e+00 
 1.28700000e+03  4.24731048e+00 
 1.28800000e+03  5.00378410e+00 
 1.28900000e+03  5.14138721e+00 
 1.29000000e+03  4.37365483e+00 
 1.29100000e+03  4.69041805e+00 
 1.29200000e+03  4.86513388e+00 
 1.29300000e+03  4.45945101e+00 
 1.29400000e+03  5.00900475e+00 
 1.29500000e+03  6.45660124e+00 
 1.29600000e+03  4.12101375e+00 
 1.29700000e+03  4.43344455e+00 
 1.29800000e+03  3.09653404e+00 
 1.29900000e+03  4.26324695e+00 
 1.30000000e+03  3.97560530e+00 
 1.30100000e+03  3.80062077e+00 
 1.30200000e+03  5.56663763e+00 
 1.30300000e+03  7.20154153e+00 
 1.30400000e+03  6.29234653e+00 
 1.30500000e+03  5.62196060e+00 
 1.30600000e+03  4.56925181e+00 
 1.30700000e+03  4.54982034e+00 
 1.30800000e+03  5.57707845e+00 
 1.30900000e+03  5.73132896e+00 
 1.31000000e+03  6.34551571e+00 
 1.31100000e+03  9.15208357e+00 
 1.31200000e+03  7.51075446e+00 
 1.31300000e+03  7.29904456e+00 
 1.31400000e+03  5.77934020e+00 
 1.31500000e+03  7.97912669e+00 
 1.31600000e+03  6.23208029e+00 
 1.31700000e+03  5.67336625e+00 
 1.31800000e+03  5.64316109e+00 
 1.31900000e+03  9.06302814e+00 
 1.32000000e+03  8.75932857e+00 
 1.32100000e+03  7.89591939e+00 
 1.32200000e+03  7.59606720e+00 
 1.32300000e+03  8.49792889e+00 
 1.32400000e+03  9.71991375e+00 
 1.32500000e+03  1.00761970e+01 
 1.32600000e+03  1.01460219e+01 
 1.32700000e+03  1.18185721e+01 
 1.32800000e+03  1.38542583e+01 
 1.32900000e+03  1.15307068e+01 
 1.33000000e+03  1.16131974e+01 
 1.33100000e+03  1.05632112e+01 
 1.33200000e+03  1.06298097e+01 
 1.33300000e+03  1.30682973e+01 
 1.33400000e+03  1.36695855e+01 
 1.33500000e+03  1.13981674e+01 
 1.33600000e+03  9.37336194e+00 
 1.33700000e+03  1.16087435e+01 
 1.33800000e+03  6.30597675e+00 
 1.33900000e+03  5.81662773e+00 
 1.34000000e+03  3.95782175e+00 
 1.34100000e+03  3.74595971e+00 
 1.34200000e+03  5.04391004e+00 
 1.34300000e+03  3.21305688e+00 
 1.34400000e+03  3.71151404e+00 
 1.34500000e+03  3.67616121e+00 
 1.34600000e+03  3.77305274e+00 
 1.34700000e+03  3.53440114e+00 
 1.34800000e+03  2.46495577e+00 
 1.34900000e+03  1.86130651e+00 
 1.35000000e+03  2.41320609e+00 
 1.35100000e+03  1.55115997e+00 
 1.35200000e+03  1.79575539e+00 
 1.35300000e+03  1.97388390e+00 
 1.35400000e+03  1.93198796e+00 
 1.35500000e+03  2.07251855e+00 
 1.35600000e+03  1.60042659e+00 
 1.35700000e+03  1.02015715e+00 
 1.35800000e+03  1.46442086e+00 
 1.35900000e+03  2.05562421e+00 
 1.36000000e+03  2.22501479e+00 
 1.36100000e+03  2.17599384e+00 
 1.36200000e+03  1.68494281e+00 
 1.36300000e+03  1.53911109e+00 
 1.36400000e+03  2.75994019e+00 
 1.36500000e+03  2.98410278e+00 
 1.36600000e+03  2.55011978e+00 
 1.36700000e+03  3.66302702e+00 
 1.36800000e+03  4.03503404e+00 
 1.36900000e+03  3.35572073e+00 
 1.37000000e+03  3.81300769e+00 
 1.37100000e+03  3.65967497e+00 
 1.37200000e+03  2.86311183e+00 
 1.37300000e+03  2.65485370e+00 
 1.37400000e+03  2.28327643e+00 
 1.37500000e+03  3.04649689e+00 
 1.37600000e+03  4.02810818e+00 
 1.37700000e+03  2.66496879e+00 
 1.37800000e+03  3.56090946e+00 
 1.37900000e+03  5.76487784e+00 
 1.38000000e+03  4.94627254e+00 
 1.38100000e+03  3.45689806e+00 
 1.38200000e+03  3.82969829e+00 
 1.38300000e+03  3.62906336e+00 
 1.38400000e+03  3.45489959e+00 
 1.38500000e+03  3.89652992e+00 
 1.38600000e+03  3.43273704e+00 
 1.38700000e+03  5.24537944e+00 
 1.38800000e+03  4.37860989e+00 
 1.38900000e+03  4.15870699e+00 
 1.39000000e+03  3.08175108e+00 
 1.39100000e+03  3.31847023e+00 
 1.39200000e+03  2.27320274e+00 
 1.39300000e+03  3.69660946e+00 
 1.39400000e+03  2.55578779e+00 
 1.39500000e+03  2.58213220e+00 
 1.39600000e+03  1.77807381e+00 
 1.39700000e+03  1.47566883e+00 
 1.39800000e+03  1.59921465e+00 
 1.39900000e+03  1.35997258e+00 
 1.40000000e+03  1.64219026e+00 
 1.40100000e+03  1.64018715e+00 
 1.40200000e+03  2.03797481e+00 
 1.40300000e+03  1.33083444e+00 
 1.40400000e+03  9.36454877e-01 
 1.40500000e+03  1.10975927e+00 
 1.40600000e+03  1.29511302e+00 
 1.40700000e+03  1.14734934e+00 
 1.40800000e+03  1.17806478e+00 
 1.40900000e+03  1.31935591e+00 
 1.41000000e+03  1.37420771e+00 
 1.41100000e+03  2.36547686e+00 
 1.41200000e+03  2.97723119e+00 
 1.41300000e+03  2.69522567e+00 
 1.41400000e+03  4.20541712e+00 
 1.41500000e+03  3.04575933e+00 
 1.41600000e+03  3.04368696e+00 
 1.41700000e+03  4.33923927e+00 
 1.41800000e+03  4.11382407e+00 
 1.41900000e+03  3.48187555e+00 
 1.42000000e+03  2.28834252e+00 
 1.42100000e+03  3.16284988e+00 
 1.42200000e+03  3.27722408e+00 
 1.42300000e+03  3.66833901e+00 
 1.42400000e+03  4.28582187e+00 
 1.42500000e+03  4.15419881e+00 
 1.42600000e+03  3.01698160e+00 
 1.42700000e+03  3.96567282e+00 
 1.42800000e+03  3.61153006e+00 
 1.42900000e+03  3.24535462e+00 
 1.43000000e+03  2.45630418e+00 
 1.43100000e+03  2.20120168e+00 
 1.43200000e+03  1.35611091e+00 
 1.43300000e+03  2.68192635e+00 
 1.43400000e+03  3.28401444e+00 
 1.43500000e+03  3.31395555e+00 
 1.43600000e+03  3.94684949e+00 
 1.43700000e+03  5.20464791e+00 
 1.43800000e+03  5.32043063e+00 
 1.43900000e+03  6.01692579e+00 
 1.44000000e+03  4.60768583e+00 
 1.44100000e+03  4.56793449e+00 
 1.44200000e+03  4.43677370e+00 
 1.44300000e+03  5.47671366e+00 
 1.44400000e+03  4.94087642e+00 
 1.44500000e+03  3.91696803e+00 
 1.44600000e+03  3.79869007e+00 
 1.44700000e+03  4.25202575e+00 
 1.44800000e+03  4.03089326e+00 
 1.44900000e+03  5.14918339e+00 
 1.45000000e+03  5.12806717e+00 
 1.45100000e+03  3.34777704e+00 
 1.45200000e+03  3.79150367e+00 
 1.45300000e+03  4.47100624e+00 
 1.45400000e+03  5.75868589e+00 
 1.45500000e+03  4.23643647e+00 
 1.45600000e+03  2.74016130e+00 
 1.45700000e+03  3.45965429e+00 
 1.45800000e+03  4.86195493e+00 
 1.45900000e+03  3.39600247e+00 
 1.46000000e+03  3.51064576e+00 
 1.46100000e+03  3.73362061e+00 
 1.46200000e+03  3.16460858e+00 
 1.46300000e+03  3.37767676e+00 
 1.46400000e+03  3.60150153e+00 
 1.46500000e+03  3.74548306e+00 
 1.46600000e+03  5.84218769e+00 
 1.46700000e+03  5.03838535e+00 
 1.46800000e+03  6.11860833e+00 
 1.46900000e+03  9.28329621e+00 
 1.47000000e+03  6.67675216e+00 
 1.47100000e+03  6.50751284e+00 
 1.47200000e+03  6.73173498e+00 
 1.47300000e+03  6.98470651e+00 
 1.47400000e+03  5.95459769e+00 
 1.47500000e+03  7.48506379e+00 
 1.47600000e+03  5.41167060e+00 
 1.47700000e+03  5.78211185e+00 
 1.47800000e+03  5.46021309e+00 
 1.47900000e+03  4.88161471e+00 
 1.48000000e+03  3.98993370e+00 
 1.48100000e+03  3.14831509e+00 
 1.48200000e+03  3.19625485e+00 
 1.48300000e+03  2.82849097e+00 
 1.48400000e+03  2.52744993e+00 
 1.48500000e+03  3.26063439e+00 
 1.48600000e+03  3.45757845e+00 
 1.48700000e+03  5.22292211e+00 
 1.48800000e+03  5.09664048e+00 
 1.48900000e+03  4.83602259e+00 
 1.49000000e+03  4.92935456e+00 
 1.49100000e+03  4.67588605e+00 
 1.49200000e+03  5.34376571e+00 
 1.49300000e+03  4.68650969e+00 
 1.49400000e+03  4.59477821e+00 
 1.49500000e+03  6.95919643e+00 
 1.49600000e+03  6.94350844e+00 
 1.49700000e+03  5.75172946e+00 
 1.49800000e+03  3.63927962e+00 
 1.49900000e+03  3.95192125e+00 
 1.50000000e+03  5.82508736e+00 
 1.50100000e+03  7.75339712e+00 
 1.50200000e+03  5.17715975e+00 
 1.50300000e+03  4.11793638e+00 
 1.50400000e+03  4.56158947e+00 
 1.50500000e+03  4.99934758e+00 
 1.50600000e+03  4.41158145e+00 
 1.50700000e+03  5.61239556e+00 
 1.50800000e+03  6.20862881e+00 
 1.50900000e+03  6.04031151e+00 
 1.51000000e+03  5.59645711e+00 
 1.51100000e+03  4.96761407e+00 
 1.51200000e+03  5.51774472e+00 
 1.51300000e+03  5.08311058e+00 
 1.51400000e+03  4.40435203e+00 
 1.51500000e+03  4.21067086e+00 
 1.51600000e+03  3.01259686e+00 
 1.51700000e+03  5.36024548e+00 
 1.51800000e+03  4.61514737e+00 
 1.51900000e+03  2.80881714e+00 
 1.52000000e+03  2.61034688e+00 
 1.52100000e+03  2.52316261e+00 
 1.52200000e+03  2.25009055e+00 
 1.52300000e+03  2.32550519e+00 
 1.52400000e+03  1.60606963e+00 
 1.52500000e+03  2.45414122e+00 
 1.52600000e+03  3.48935884e+00 
 1.52700000e+03  2.74961749e+00 
 1.52800000e+03  2.83903728e+00 
 1.52900000e+03  3.03867970e+00 
 1.53000000e+03  3.44697180e+00 
 1.53100000e+03  3.35874726e+00 
 1.53200000e+03  3.43388625e+00 
 1.53300000e+03  4.72241303e+00 
 1.53400000e+03  3.55057832e+00 
 1.53500000e+03  3.59226700e+00 
 1.53600000e+03  4.63678864e+00 
 1.53700000e+03  3.61610069e+00 
 1.53800000e+03  2.64978181e+00 
 1.53900000e+03  2.44914509e+00 
 1.54000000e+03  2.39170242e+00 
 1.54100000e+03  3.81181206e+00 
 1.54200000e+03  3.86697402e+00 
 1.54300000e+03  4.62349509e+00 
 1.54400000e+03  6.12777148e+00 
 1.54500000e+03  9.75472021e+00 
 1.54600000e+03  7.59266056e+00 
 1.54700000e+03  8.74460524e+00 
 1.54800000e+03  5.80553821e+00 
 1.54900000e+03  3.66180966e+00 
 1.55000000e+03  4.38058008e+00 
 1.55100000e+03  4.64364974e+00 
 1.55200000e+03  2.68152685e+00 
 1.55300000e+03  3.98882046e+00 
 1.55400000e+03  3.29177640e+00 
 1.55500000e+03  2.20642834e+00 
 1.55600000e+03  3.13038527e+00 
 1.55700000e+03  4.13697666e+00 
 1.55800000e+03  5.66211622e+00 
 1.55900000e+03  4.20029385e+00 
 1.56000000e+03  3.67593081e+00 
 1.56100000e+03  3.03812813e+00 
 1.56200000e+03  1.86094611e+00 
 1.56300000e+03  2.43048678e+00 
 1.56400000e+03  2.52964162e+00 
 1.56500000e+03  2.36772589e+00 
 1.56600000e+03  2.28127760e+00 
 1.56700000e+03  3.28221158e+00 
 1.56800000e+03  2.40295549e+00 
 1.56900000e+03  2.62042817e+00 
 1.57000000e+03  2.31419209e+00 
 1.57100000e+03  1.95941606e+00 
 1.57200000e+03  1.97194847e+00 
 1.57300000e+03  2.71504773e+00 
 1.57400000e+03  1.91387120e+00 
 1.57500000e+03  1.59432201e+00 
 1.57600000e+03  1.49203747e+00 
 1.57700000e+03  1.72156869e+00 
 1.57800000e+03  2.04066201e+00 
 1.57900000e+03  2.52476874e+00 
 1.58000000e+03  2.94558520e+00 
 1.58100000e+03  3.25517222e+00 
 1.58200000e+03  3.16133177e+00 
 1.58300000e+03  4.73854280e+00 
 1.58400000e+03  3.45868116e+00 
 1.58500000e+03  4.18076584e+00 
 1.58600000e+03  4.61324690e+00 
 1.58700000e+03  3.67186032e+00 
 1.58800000e+03  3.92375897e+00 
 1.58900000e+03  3.51422294e+00 
 1.59000000e+03  4.29245794e+00 
 1.59100000e+03  3.83064602e+00 
 1.59200000e+03  3.97948228e+00 
 1.59300000e+03  3.85525636e+00 
 1.59400000e+03  3.43066712e+00 
 1.59500000e+03  6.02789593e+00 
 1.59600000e+03  6.76491893e+00 
 1.59700000e+03  5.19662133e+00 
 1.59800000e+03  7.19831186e+00 
 1.59900000e+03  3.97432201e+00 
 1.60000000e+03  3.41702616e+00 
 1.60100000e+03  3.51417175e+00 
 1.60200000e+03  2.43489631e+00 
 1.60300000e+03  3.28475862e+00 
 1.60400000e+03  3.45829680e+00 
 1.60500000e+03  2.94114358e+00 
 1.60600000e+03  3.12122935e+00 
 1.60700000e+03  2.91058955e+00 
 1.60800000e+03  2.67729512e+00 
 1.60900000e+03  2.74289139e+00 
 1.61000000e+03  3.31175310e+00 
 1.61100000e+03  3.19161352e+00 
 1.61200000e+03  3.50460615e+00 
 1.61300000e+03  3.96744779e+00 
 1.61400000e+03  3.33034975e+00 
 1.61500000e+03  4.14228153e+00 
 1.61600000e+03  3.20059539e+00 
 1.61700000e+03  3.58698536e+00 
 1.61800000e+03  4.29697388e+00 
 1.61900000e+03  5.86888902e+00 
 1.62000000e+03  4.30625190e+00 
 1.62100000e+03  5.80060238e+00 
 1.62200000e+03  7.51608109e+00 
 1.62300000e+03  8.16103508e+00 
 1.62400000e+03  6.89084325e+00 
 1.62500000e+03  7.51334567e+00 
 1.62600000e+03  6.44868501e+00 
 1.62700000e+03  9.06826690e+00 
 1.62800000e+03  4.54992498e+00 
 1.62900000e+03  3.85942941e+00 
 1.63000000e+03  2.39239716e+00 
 1.63100000e+03  3.48610503e+00 
 1.63200000e+03  1.74779835e+00 
 1.63300000e+03  1.73085502e+00 
 1.63400000e+03  1.96079681e+00 
 1.63500000e+03  2.30938724e+00 
 1.63600000e+03  2.42384674e+00 
 1.63700000e+03  3.09922238e+00 
 1.63800000e+03  2.39424815e+00 
 1.63900000e+03  2.21372329e+00 
 1.64000000e+03  2.64220091e+00 
 1.64100000e+03  2.74915238e+00 
 1.64200000e+03  2.15375297e+00 
 1.64300000e+03  1.98122717e+00 
 1.64400000e+03  2.86004076e+00 
 1.64500000e+03  3.69528357e+00 
 1.64600000e+03  3.45531404e+00 
 1.64700000e+03  3.32661220e+00 
 1.64800000e+03  3.30952170e+00 
 1.64900000e+03  3.20891415e+00 
 1.65000000e+03  4.14173311e+00 
 1.65100000e+03  6.15270501e+00 
 1.65200000e+03  5.32132538e+00 
 1.65300000e+03  3.28853384e+00 
 1.65400000e+03  3.12263513e+00 
 1.65500000e+03  3.63162863e+00 
 1.65600000e+03  2.85165599e+00 
 1.65700000e+03  2.05170663e+00 
 1.65800000e+03  2.72448893e+00 
 1.65900000e+03  3.17124357e+00 
 1.66000000e+03  2.39307896e+00 
 1.66100000e+03  2.27127780e+00 
 1.66200000e+03  2.95103066e+00 
 1.66300000e+03  3.87957726e+00 
 1.66400000e+03  8.88547893e+00 
 1.66500000e+03  6.00635291e+00 
 1.66600000e+03  8.31638569e+00 
 1.66700000e+03  6.79736437e+00 
 1.66800000e+03  6.21020545e+00 
 1.66900000e+03  4.75148646e+00 
 1.67000000e+03  5.35120260e+00 
 1.67100000e+03  5.73445645e+00 
 1.67200000e+03  4.06913259e+00 
 1.67300000e+03  4.64837820e+00 
 1.67400000e+03  2.79732403e+00 
 1.67500000e+03  3.58766252e+00 
 1.67600000e+03  4.09500747e+00 
 1.67700000e+03  3.24999974e+00 
 1.67800000e+03  2.64241119e+00 
 1.67900000e+03  3.39343956e+00 
 1.68000000e+03  4.28557686e+00 
 1.68100000e+03  5.82724883e+00 
 1.68200000e+03  4.57499896e+00 
 1.68300000e+03  3.82817673e+00 
 1.68400000e+03  4.64075250e+00 
 1.68500000e+03  4.35216813e+00 
 1.68600000e+03  3.32271781e+00 
 1.68700000e+03  2.40213900e+00 
 1.68800000e+03  2.46696878e+00 
 1.68900000e+03  2.40403028e+00 
 1.69000000e+03  1.97240395e+00 
 1.69100000e+03  1.90205785e+00 
 1.69200000e+03  1.97628552e+00 
 1.69300000e+03  2.12832171e+00 
 1.69400000e+03  2.15578500e+00 
 1.69500000e+03  1.85397243e+00 
 1.69600000e+03  1.41703272e+00 
 1.69700000e+03  1.47274580e+00 
 1.69800000e+03  1.41293098e+00 
 1.69900000e+03  1.48324274e+00 
 1.70000000e+03  1.41231447e+00 
 1.70100000e+03  1.23570180e+00 
 1.70200000e+03  1.35992065e+00 
 1.70300000e+03  1.66209489e+00 
 1.70400000e+03  1.80804804e+00 
 1.70500000e+03  2.00181743e+00 
 1.70600000e+03  1.75591759e+00 
 1.70700000e+03  2.06633478e+00 
 1.70800000e+03  2.59976440e+00 
 1.70900000e+03  3.26296962e+00 
 1.71000000e+03  3.27744287e+00 
 1.71100000e+03  3.45829042e+00 
 1.71200000e+03  4.34225198e+00 
 1.71300000e+03  3.97753444e+00 
 1.71400000e+03  2.66196439e+00 
 1.71500000e+03  2.50957944e+00 
 1.71600000e+03  3.50150024e+00 
 1.71700000e+03  4.40489782e+00 
 1.71800000e+03  4.98494490e+00 
 1.71900000e+03  4.50567529e+00 
 1.72000000e+03  4.66670499e+00 
 1.72100000e+03  1.13838177e+01 
 1.72200000e+03  6.49767376e+00 
 1.72300000e+03  5.38743691e+00 
 1.72400000e+03  7.72888213e+00 
 1.72500000e+03  5.68065609e+00 
 1.72600000e+03  3.12412277e+00 
 1.72700000e+03  3.24880109e+00 
 1.72800000e+03  3.22725332e+00 
 1.72900000e+03  3.10321415e+00 
 1.73000000e+03  3.69473338e+00 
 1.73100000e+03  5.10094388e+00 
 1.73200000e+03  3.84106301e+00 
 1.73300000e+03  4.17347595e+00 
 1.73400000e+03  3.06710335e+00 
 1.73500000e+03  2.76196935e+00 
 1.73600000e+03  3.19861991e+00 
 1.73700000e+03  2.27306088e+00 
 1.73800000e+03  2.16814383e+00 
 1.73900000e+03  2.21690399e+00 
 1.74000000e+03  2.27627161e+00 
 1.74100000e+03  3.21787550e+00 
 1.74200000e+03  2.73019844e+00 
 1.74300000e+03  2.78724994e+00 
 1.74400000e+03  3.41639600e+00 
 1.74500000e+03  4.80210145e+00 
 1.74600000e+03  3.51689839e+00 
 1.74700000e+03  4.29783900e+00 
 1.74800000e+03  3.08228972e+00 
 1.74900000e+03  3.30211068e+00 
 1.75000000e+03  2.80543798e+00 
 1.75100000e+03  2.90004172e+00 
 1.75200000e+03  2.08688570e+00 
 1.75300000e+03  1.93708877e+00 
 1.75400000e+03  1.72137276e+00 
 1.75500000e+03  1.57659074e+00 
 1.75600000e+03  1.55320815e+00 
 1.75700000e+03  1.77275503e+00 
 1.75800000e+03  2.79402505e+00 
 1.75900000e+03  1.76955348e+00 
 1.76000000e+03  1.54785953e+00 
 1.76100000e+03  2.62806431e+00 
 1.76200000e+03  2.06084052e+00 
 1.76300000e+03  1.87577858e+00 
 1.76400000e+03  2.78390195e+00 
 1.76500000e+03  1.73372051e+00 
 1.76600000e+03  1.86623578e+00 
 1.76700000e+03  2.25298721e+00 
 1.76800000e+03  1.90313922e+00 
 1.76900000e+03  1.23058976e+00 
 1.77000000e+03  1.46591586e+00 
 1.77100000e+03  9.85238256e-01 
 1.77200000e+03  1.28621749e+00 
 1.77300000e+03  1.44845118e+00 
 1.77400000e+03  1.35013797e+00 
 1.77500000e+03  1.12607967e+00 
 1.77600000e+03  1.61193769e+00 
 1.77700000e+03  1.18320166e+00 
 1.77800000e+03  1.81147113e+00 
 1.77900000e+03  1.36312102e+00 
 1.78000000e+03  1.58683103e+00 
 1.78100000e+03  2.99176292e+00 
 1.78200000e+03  2.92609218e+00 
 1.78300000e+03  2.21893187e+00 
 1.78400000e+03  2.54383630e+00 
 1.78500000e+03  3.37072812e+00 
 1.78600000e+03  3.79974760e+00 
 1.78700000e+03  2.80350314e+00 
 1.78800000e+03  2.66058775e+00 
 1.78900000e+03  3.27309682e+00 
 1.79000000e+03  2.70130840e+00 
 1.79100000e+03  6.11776865e+00 
 1.79200000e+03  4.49881406e+00 
 1.79300000e+03  4.08917973e+00 
 1.79400000e+03  3.95331099e+00 
 1.79500000e+03  6.52658811e+00 
 1.79600000e+03  2.93598932e+00 
 1.79700000e+03  3.17948666e+00 
 1.79800000e+03  2.54331356e+00 
 1.79900000e+03  2.81393885e+00 
 1.80000000e+03  3.02898836e+00 
 1.80100000e+03  2.61867860e+00 
 1.80200000e+03  2.83091589e+00 
 1.80300000e+03  3.84642996e+00 
 1.80400000e+03  3.53629517e+00 
 1.80500000e+03  4.34972812e+00 
 1.80600000e+03  3.02205313e+00 
 1.80700000e+03  2.64686034e+00 
 1.80800000e+03  4.56631267e+00 
 1.80900000e+03  3.03314115e+00 
 1.81000000e+03  3.63206285e+00 
 1.81100000e+03  3.25107526e+00 
 1.81200000e+03  2.26379483e+00 
 1.81300000e+03  2.18194155e+00 
 1.81400000e+03  3.49482563e+00 
 1.81500000e+03  2.18073311e+00 
 1.81600000e+03  2.12127725e+00 
 1.81700000e+03  2.35187075e+00 
 1.81800000e+03  2.75709268e+00 
 1.81900000e+03  3.03539883e+00 
 1.82000000e+03  2.74908541e+00 
 1.82100000e+03  1.93124903e+00 
 1.82200000e+03  2.47721848e+00 
 1.82300000e+03  2.28656139e+00 
 1.82400000e+03  1.95796543e+00 
 1.82500000e+03  1.82084389e+00 
 1.82600000e+03  2.79611831e+00 
 1.82700000e+03  1.67647712e+00 
 1.82800000e+03  1.29543574e+00 
 1.82900000e+03  2.20311215e+00 
 1.83000000e+03  1.60921656e+00 
 1.83100000e+03  1.70520914e+00 
 1.83200000e+03  1.20148873e+00 
 1.83300000e+03  1.51929454e+00 
 1.83400000e+03  1.96459576e+00 
 1.83500000e+03  1.87030786e+00 
 1.83600000e+03  2.97184789e+00 
 1.83700000e+03  2.18642124e+00 
 1.83800000e+03  1.33659915e+00 
 1.83900000e+03  1.69824445e+00 
 1.84000000e+03  1.91378471e+00 
 1.84100000e+03  2.36023626e+00 
 1.84200000e+03  2.18580022e+00 
 1.84300000e+03  2.52380917e+00 
 1.84400000e+03  2.37884961e+00 
 1.84500000e+03  2.54463350e+00 
 1.84600000e+03  1.92094168e+00 
 1.84700000e+03  1.40210760e+00 
 1.84800000e+03  1.75005378e+00 
 1.84900000e+03  1.45711255e+00 
 1.85000000e+03  1.86485093e+00 
 1.85100000e+03  2.06219299e+00 
 1.85200000e+03  1.75542165e+00 
 1.85300000e+03  2.37170646e+00 
 1.85400000e+03  2.22151023e+00 
 1.85500000e+03  1.60157816e+00 
 1.85600000e+03  1.44097895e+00 
 1.85700000e+03  1.44740699e+00 
 1.85800000e+03  1.55729852e+00 
 1.85900000e+03  1.88986325e+00 
 1.86000000e+03  3.23339422e+00 
 1.86100000e+03  2.62595198e+00 
 1.86200000e+03  2.98421867e+00 
 1.86300000e+03  2.92735467e+00 
 1.86400000e+03  2.19156072e+00 
 1.86500000e+03  2.44242762e+00 
 1.86600000e+03  2.84539938e+00 
 1.86700000e+03  2.84734431e+00 
 1.86800000e+03  2.13399515e+00 
 1.86900000e+03  1.86566029e+00 
 1.87000000e+03  2.24777050e+00 
 1.87100000e+03  1.86005029e+00 
 1.87200000e+03  1.38083158e+00 
 1.87300000e+03  1.57195980e+00 
 1.87400000e+03  2.08339956e+00 
 1.87500000e+03  1.78779452e+00 
 1.87600000e+03  1.75551766e+00 
 1.87700000e+03  2.20894628e+00 
 1.87800000e+03  1.80144274e+00 
 1.87900000e+03  1.50098539e+00 
 1.88000000e+03  1.87648681e+00 
 1.88100000e+03  1.81431688e+00 
 1.88200000e+03  2.22170854e+00 
 1.88300000e+03  2.02839853e+00 
 1.88400000e+03  2.61296987e+00 
 1.88500000e+03  3.39453025e+00 
 1.88600000e+03  3.00495505e+00 
 1.88700000e+03  2.81407048e+00 
 1.88800000e+03  3.36160686e+00 
 1.88900000e+03  3.64595517e+00 
 1.89000000e+03  5.13213157e+00 
 1.89100000e+03  3.82447082e+00 
 1.89200000e+03  6.23103273e+00 
 1.89300000e+03  4.95561019e+00 
 1.89400000e+03  4.50518619e+00 
 1.89500000e+03  3.90848926e+00 
 1.89600000e+03  2.93477083e+00 
 1.89700000e+03  3.32128051e+00 
 1.89800000e+03  4.79347582e+00 
 1.89900000e+03  4.03811678e+00 
 1.90000000e+03  4.85608201e+00 
 1.90100000e+03  3.09023212e+00 
 1.90200000e+03  4.32290123e+00 
 1.90300000e+03  5.75843755e+00 
 1.90400000e+03  6.39840728e+00 
 1.90500000e+03  5.01247587e+00 
 1.90600000e+03  6.51155002e+00 
 1.90700000e+03  6.02343721e+00 
 1.90800000e+03  5.53111855e+00 
 1.90900000e+03  5.15533625e+00 
 1.91000000e+03  4.73294342e+00 
 1.91100000e+03  3.91058922e+00 
 1.91200000e+03  3.57706509e+00 
 1.91300000e+03  3.35933857e+00 
 1.91400000e+03  3.57095871e+00 
 1.91500000e+03  3.26338907e+00 
 1.91600000e+03  5.16062458e+00 
 1.91700000e+03  4.39444041e+00 
 1.91800000e+03  3.96366838e+00 
 1.91900000e+03  3.49138422e+00 
 1.92000000e+03  4.01120026e+00 
 1.92100000e+03  3.99174044e+00 
 1.92200000e+03  4.22905049e+00 
 1.92300000e+03  3.65505747e+00 
 1.92400000e+03  3.64696764e+00 
 1.92500000e+03  2.25212421e+00 
 1.92600000e+03  2.40872671e+00 
 1.92700000e+03  3.48499473e+00 
 1.92800000e+03  4.43765897e+00 
 1.92900000e+03  4.35330737e+00 
 1.93000000e+03  4.75558505e+00 
 1.93100000e+03  4.31284690e+00 
 1.93200000e+03  3.51912045e+00 
 1.93300000e+03  3.40828077e+00 
 1.93400000e+03  3.74316560e+00 
 1.93500000e+03  6.05354487e+00 
 1.93600000e+03  7.40147633e+00 
 1.93700000e+03  6.58008418e+00 
 1.93800000e+03  7.66822093e+00 
 1.93900000e+03  6.93140503e+00 
 1.94000000e+03  5.96173301e+00 
 1.94100000e+03  2.87759251e+00 
 1.94200000e+03  2.15098957e+00 
 1.94300000e+03  1.81555958e+00 
 1.94400000e+03  1.40754098e+00 
 1.94500000e+03  1.88857116e+00 
 1.94600000e+03  2.07543703e+00 
 1.94700000e+03  2.61539872e+00 
 1.94800000e+03  2.54323446e+00 
 1.94900000e+03  2.09706558e+00 
 1.95000000e+03  2.72321111e+00 
 1.95100000e+03  2.44578808e+00 
 1.95200000e+03  3.07639116e+00 
 1.95300000e+03  3.27321488e+00 
 1.95400000e+03  2.76794785e+00 
 1.95500000e+03  4.57708746e+00 
 1.95600000e+03  5.42908715e+00 
 1.95700000e+03  4.48146206e+00 
 1.95800000e+03  5.08828469e+00 
 1.95900000e+03  4.79183314e+00 
 1.96000000e+03  5.83362492e+00 
 1.96100000e+03  5.64236495e+00 
 1.96200000e+03  4.37722270e+00 
 1.96300000e+03  4.18356725e+00 
 1.96400000e+03  4.05614056e+00 
 1.96500000e+03  3.99012419e+00 
 1.96600000e+03  3.33580434e+00 
 1.96700000e+03  2.68533383e+00 
 1.96800000e+03  1.72720027e+00 
 1.96900000e+03  1.51294704e+00 
 1.97000000e+03  1.48919206e+00 
 1.97100000e+03  1.84623103e+00 
 1.97200000e+03  1.58700102e+00 
 1.97300000e+03  1.86344229e+00 
 1.97400000e+03  2.51875082e+00 
 1.97500000e+03  3.64311934e+00 
 1.97600000e+03  3.79325815e+00 
 1.97700000e+03  4.24919793e+00 
 1.97800000e+03  3.16948170e+00 
 1.97900000e+03  3.32506340e+00 
 1.98000000e+03  3.54169996e+00 
 1.98100000e+03  2.88148320e+00 
 1.98200000e+03  5.24225773e+00 
 1.98300000e+03  5.04392170e+00 
 1.98400000e+03  5.16127151e+00 
 1.98500000e+03  4.96792401e+00 
 1.98600000e+03  2.84619802e+00 
 1.98700000e+03  3.52807587e+00 
 1.98800000e+03  4.03206168e+00 
 1.98900000e+03  3.51863536e+00 
 1.99000000e+03  2.76338378e+00 
 1.99100000e+03  5.12765862e+00 
 1.99200000e+03  2.83554724e+00 
 1.99300000e+03  3.34758178e+00 
 1.99400000e+03  3.48699585e+00 
 1.99500000e+03  3.56175638e+00 
 1.99600000e+03  3.80657768e+00 
 1.99700000e+03  4.52167572e+00 
 1.99800000e+03  3.78626185e+00 
 1.99900000e+03  2.83041553e+00 
 2.00000000e+03  3.15459856e+00 
